Date	Cases	Deaths	Cases_New	Deaths_New	Cases_Last_Week	Deaths_Last_Week	Cases_Per_Million	Deaths_Per_Million	Cases_New_Per_Million	Deaths_New_Per_Million	Cases_Last_Week_Per_Million	Deaths_Last_Week_Per_Million	DIVI_Intensivstationen_Covid_Prozent	DIVI_Intensivstationen_Betten_belegt_Prozent	Cases_Last_Week_7Day_Percent
2020-01-02	0	0	0	0	0	0	0	0	0	0.0	0	0.0			
2020-01-03	0	0	0	0	0	0	0	0	0	0.0	0	0.0			
2020-01-04	0	0	0	0	0	0	0	0	0	0.0	0	0.0			
2020-01-05	0	0	0	0	0	0	0	0	0	0.0	0	0.0			
2020-01-06	0	0	0	0	0	0	0	0	0	0.0	0	0.0			
2020-01-07	0	0	0	0	0	0	0	0	0	0.0	0	0.0			
2020-01-08	0	0	0	0	0	0	0	0	0	0.0	0	0.0			
2020-01-09	0	0	0	0	0	0	0	0	0	0.0	0	0.0			0
2020-01-10	0	0	0	0	0	0	0	0	0	0.0	0	0.0			0
2020-01-11	0	0	0	0	0	0	0	0	0	0.0	0	0.0			0
2020-01-12	0	0	0	0	0	0	0	0	0	0.0	0	0.0			0
2020-01-13	0	0	0	0	0	0	0	0	0	0.0	0	0.0			0
2020-01-14	0	0	0	0	0	0	0	0	0	0.0	0	0.0			0
2020-01-15	0	0	0	0	0	0	0	0	0	0.0	0	0.0			0
2020-01-16	0	0	0	0	0	0	0	0	0	0.0	0	0.0			0
2020-01-17	0	0	0	0	0	0	0	0	0	0.0	0	0.0			0
2020-01-18	0	0	0	0	0	0	0	0	0	0.0	0	0.0			0
2020-01-19	0	0	0	0	0	0	0	0	0	0.0	0	0.0			0
2020-01-20	0	0	0	0	0	0	0	0	0	0.0	0	0.0			0
2020-01-21	0	0	0	0	0	0	0	0	0	0.0	0	0.0			0
2020-01-22	0	0	0	0	0	0	0	0	0	0.0	0	0.0			0
2020-01-23	0	0	0	0	0	0	0	0	0	0.0	0	0.0			0
2020-01-24	0	0	0	0	0	0	0	0	0	0.0	0	0.0			0
2020-01-25	0	0	0	0	0	0	0	0	0	0.0	0	0.0			0
2020-01-26	0	0	0	0	0	0	0	0	0	0.0	0	0.0			0
2020-01-27	0	0	0	0	0	0	0	0	0	0.0	0	0.0			0
2020-01-28	0	0	0	0	0	0	0	0	0	0.0	0	0.0			0
2020-01-29	0	0	0	0	0	0	0	0	0	0.0	0	0.0			0
2020-01-30	0	0	0	0	0	0	0	0	0	0.0	0	0.0			0
2020-01-31	0	0	0	0	0	0	0	0	0	0.0	0	0.0			0
2020-02-01	0	0	0	0	0	0	0	0	0	0.0	0	0.0			0
2020-02-02	0	0	0	0	0	0	0	0	0	0.0	0	0.0			0
2020-02-03	0	0	0	0	0	0	0	0	0	0.0	0	0.0			0
2020-02-04	0	0	0	0	0	0	0	0	0	0.0	0	0.0			0
2020-02-05	0	0	0	0	0	0	0	0	0	0.0	0	0.0			0
2020-02-06	0	0	0	0	0	0	0	0	0	0.0	0	0.0			0
2020-02-07	0	0	0	0	0	0	0	0	0	0.0	0	0.0			0
2020-02-08	0	0	0	0	0	0	0	0	0	0.0	0	0.0			0
2020-02-09	0	0	0	0	0	0	0	0	0	0.0	0	0.0			0
2020-02-10	0	0	0	0	0	0	0	0	0	0.0	0	0.0			0
2020-02-11	0	0	0	0	0	0	0	0	0	0.0	0	0.0			0
2020-02-12	0	0	0	0	0	0	0	0	0	0.0	0	0.0			0
2020-02-13	0	0	0	0	0	0	0	0	0	0.0	0	0.0			0
2020-02-14	0	0	0	0	0	0	0	0	0	0.0	0	0.0			0
2020-02-15	0	0	0	0	0	0	0	0	0	0.0	0	0.0			0
2020-02-16	0	0	0	0	0	0	0	0	0	0.0	0	0.0			0
2020-02-17	0	0	0	0	0	0	0	0	0	0.0	0	0.0			0
2020-02-18	0	0	0	0	0	0	0	0	0	0.0	0	0.0			0
2020-02-19	0	0	0	0	0	0	0	0	0	0.0	0	0.0			0
2020-02-20	0	0	0	0	0	0	0	0	0	0.0	0	0.0			0
2020-02-21	0	0	0	0	0	0	0	0	0	0.0	0	0.0			0
2020-02-22	0	0	0	0	0	0	0	0	0	0.0	0	0.0			0
2020-02-23	0	0	0	0	0	0	0	0	0	0.0	0	0.0			0
2020-02-24	0	0	0	0	0	0	0	0	0	0.0	0	0.0			0
2020-02-25	0	0	0	0	0	0	0	0	0	0.0	0	0.0			0
2020-02-26	0	0	0	0	0	0	0	0	0	0.0	0	0.0			0
2020-02-27	0	0	0	0	0	0	0	0	0	0.0	0	0.0			0
2020-02-28	0	0	0	0	0	0	0	0	0	0.0	0	0.0			0
2020-02-29	0	0	0	0	0	0	0	0	0	0.0	0	0.0			0
2020-03-01	0	0	0	0	0	0	0	0	0	0.0	0	0.0			0
2020-03-02	0	0	0	0	0	0	0	0	0	0.0	0	0.0			0
2020-03-03	2	0	2	0	2	0	3	0	3	0.0	3	0.0			0
2020-03-04	3	0	1	0	3	0	4	0	1	0.0	4	0.0			0
2020-03-05	4	0	1	0	4	0	6	0	1	0.0	6	0.0			0
2020-03-06	5	0	1	0	5	0	8	0	1	0.0	8	0.0			0
2020-03-07	5	0	0	0	5	0	8	0	0	0.0	8	0.0			0
2020-03-08	7	0	2	0	7	0	11	0	3	0.0	11	0.0			0
2020-03-09	15	0	8	0	15	0	24	0	13	0.0	24	0.0			0
2020-03-10	16	0	1	0	14	0	26	0	1	0.0	23	0.0			600.0
2020-03-11	21	0	5	0	18	0	34	0	8	0.0	29	0.0			500.0
2020-03-12	27	0	6	0	23	0	44	0	9	0.0	38	0.0			475.0
2020-03-13	44	0	17	0	39	0	73	0	28	0.0	64	0.0			680.0
2020-03-14	44	0	0	0	39	0	73	0	0	0.0	64	0.0			680.0
2020-03-15	45	0	1	0	38	0	74	0	1	0.0	63	0.0			442.9
2020-03-16	57	1	12	1	42	1	94	1	19	1.666	69	1.67			180.0
2020-03-17	86	1	29	0	70	1	143	1	48	0.0	116	1.67			400.0
2020-03-18	111	2	25	1	90	2	184	3	41	1.666	149	3.33			400.0
2020-03-19	159	2	48	0	132	2	264	3	79	0.0	219	3.33			473.9
2020-03-20	190	2	31	0	146	2	316	3	51	0.0	243	3.33			274.4
2020-03-21	196	2	6	0	152	2	326	3	9	0.0	253	3.33			289.7
2020-03-22	196	2	0	0	151	2	326	3	0	0.0	251	3.33			297.4
2020-03-23	283	3	87	1	226	2	471	4	144	1.666	376	3.33			438.1
2020-03-24	329	3	46	0	243	2	547	4	76	0.0	404	3.33			247.1
2020-03-25	375	3	46	0	264	1	624	4	76	0.0	439	1.67			193.3
2020-03-26	421	3	46	0	262	1	701	4	76	0.0	436	1.67			98.5
2020-03-27	475	6	54	3	285	4	791	9	89	4.997	474	6.66			95.2
2020-03-28	507	6	32	0	311	4	844	9	53	0.0	518	6.66			104.6
2020-03-29	523	6	16	0	327	4	871	9	26	0.0	544	6.66			116.6
2020-03-30	550	7	27	1	267	4	916	11	44	1.666	444	6.66			18.1
2020-03-31	564	9	14	2	235	6	939	14	23	3.331	391	9.99			-3.3
2020-04-01	593	12	29	3	218	9	987	19	48	4.997	363	14.99			-17.4
2020-04-02	623	21	30	9	202	18	1037	34	49	14.991	336	29.98			-22.9
2020-04-03	695	26	72	5	220	20	1157	43	119	8.328	366	33.31			-22.8
2020-04-04	714	26	19	0	207	20	1189	43	31	0.0	344	33.31			-33.4
2020-04-05	732	27	18	1	209	21	1219	44	29	1.666	348	34.98			-36.1
2020-04-06	764	31	32	4	214	24	1272	51	53	6.663	356	39.98			-19.9
2020-04-07	793	35	29	4	229	26	1320	58	48	6.663	381	43.31			-2.6
2020-04-08	835	37	42	2	242	25	1390	61	69	3.331	403	41.64			11.0
2020-04-09	861	38	26	1	238	17	1434	63	43	1.666	396	28.32			17.8
2020-04-10	880	40	19	2	185	14	1465	66	31	3.331	308	23.32			-15.9
2020-04-11	900	43	20	3	186	17	1499	71	33	4.997	309	28.32			-10.1
2020-04-12	907	43	7	0	175	16	1510	71	11	0.0	291	26.65			-16.3
2020-04-13	921	43	14	0	157	12	1534	71	23	0.0	261	19.99			-26.6
2020-04-14	957	45	36	2	164	10	1594	74	59	3.331	273	16.66			-28.4
2020-04-15	988	45	31	0	153	8	1645	74	51	0.0	254	13.33			-36.8
2020-04-16	1014	47	26	2	153	9	1688	78	43	3.331	254	14.99			-35.7
2020-04-17	1027	47	13	0	147	7	1710	78	21	0.0	244	11.66			-20.5
2020-04-18	1050	48	23	1	150	5	1748	79	38	1.666	249	8.33			-19.4
2020-04-19	1079	48	29	0	172	5	1797	79	48	0.0	286	8.33			-1.7
2020-04-20	1081	48	2	0	160	5	1800	79	3	0.0	266	8.33			1.9
2020-04-21	1094	49	13	1	137	4	1822	81	21	1.666	228	6.66			-16.5
2020-04-22	1098	49	4	0	110	4	1828	81	6	0.0	183	6.66			-28.1
2020-04-23	1111	49	13	0	97	2	1850	81	21	0.0	161	3.33			-36.6
2020-04-24	1125	49	14	0	98	2	1873	81	23	0.0	163	3.33	5.4	71.0	-33.3
2020-04-25	1135	49	10	0	85	1	1890	81	16	0.0	141	1.67	5.4	73.1	-43.3
2020-04-26	1138	49	3	0	59	1	1895	81	4	0.0	98	1.67	4.9	64.7	-65.7
2020-04-27	1147	50	9	1	66	2	1910	83	14	1.666	109	3.33	5.3	62.8	-58.8
2020-04-28	1155	50	8	0	61	1	1923	83	13	0.0	101	1.67	6.1	66.7	-55.5
2020-04-29	1159	50	4	0	61	1	1930	83	6	0.0	101	1.67	4.4	76.9	-44.5
2020-04-30	1165	51	6	1	54	2	1940	84	9	1.666	89	3.33	4.1	80.6	-44.3
2020-05-01	1169	51	4	0	44	2	1947	84	6	0.0	73	3.33	5.7	79.3	-55.1
2020-05-02	1182	51	13	0	47	2	1968	84	21	0.0	78	3.33	3.4	81.8	-44.7
2020-05-03	1182	51	0	0	44	2	1968	84	0	0.0	73	3.33	3.4	79.3	-25.4
2020-05-04	1184	51	2	0	37	1	1972	84	3	0.0	61	1.67	3.4	81.8	-43.9
2020-05-05	1186	51	2	0	31	1	1975	84	3	0.0	51	1.67	3.2	81.7	-49.2
2020-05-06	1188	51	2	0	29	1	1978	84	3	0.0	48	1.67	4.1	73.2	-52.5
2020-05-07	1194	51	6	0	29	0	1988	84	9	0.0	48	0.0	4.3	74.5	-46.3
2020-05-08	1195	51	1	0	26	0	1990	84	1	0.0	43	0.0	4.4	74.7	-40.9
2020-05-09	1201	51	6	0	19	0	2000	84	9	0.0	31	0.0	3.4	85.2	-59.6
2020-05-10	1201	51	0	0	19	0	2000	84	0	0.0	31	0.0	3.7	79.0	-56.8
2020-05-11	1201	51	0	0	17	0	2000	84	0	0.0	28	0.0	4.9	71.6	-54.1
2020-05-12	1206	51	5	0	20	0	2008	84	8	0.0	33	0.0	3.1	61.9	-35.5
2020-05-13	1210	52	4	1	22	1	2015	86	6	1.666	36	1.67	2.2	71.4	-24.1
2020-05-14	1218	52	8	0	24	1	2028	86	13	0.0	39	1.67	2.2	78.5	-17.2
2020-05-15	1263	52	45	0	68	1	2103	86	74	0.0	113	1.67	2.3	79.5	161.5
2020-05-16	1272	52	9	0	71	1	2118	86	14	0.0	118	1.67	1.1	83.9	273.7
2020-05-17	1293	52	21	0	92	1	2153	86	34	0.0	153	1.67	1.2	77.9	384.2
2020-05-18	1376	52	83	0	175	1	2291	86	138	0.0	291	1.67	1.2	81.7	929.4
2020-05-19	1396	52	20	0	190	1	2325	86	33	0.0	316	1.67	2.4	85.4	850.0
2020-05-20	1401	52	5	0	191	0	2333	86	8	0.0	318	0.0	2.5	87.5	768.2
2020-05-21	1416	52	15	0	198	0	2358	86	24	0.0	329	0.0	2.4	79.8	725.0
2020-05-22	1417	52	1	0	154	0	2360	86	1	0.0	256	0.0	2.1	65.3	126.5
2020-05-23	1419	52	2	0	147	0	2363	86	3	0.0	244	0.0	1.2	82.4	107.0
2020-05-24	1421	52	2	0	128	0	2366	86	3	0.0	213	0.0	1.2	73.3	39.1
2020-05-25	1425	52	4	0	49	0	2373	86	6	0.0	81	0.0	2.4	82.1	-72.0
2020-05-26	1427	52	2	0	31	0	2376	86	3	0.0	51	0.0	2.2	72.5	-83.7
2020-05-27	1435	52	8	0	34	0	2390	86	13	0.0	56	0.0	2.1	65.3	-82.2
2020-05-28	1437	52	2	0	21	0	2393	86	3	0.0	34	0.0	2.3	76.7	-89.4
2020-05-29	1438	52	1	0	21	0	2395	86	1	0.0	34	0.0	2.4	74.1	-86.4
2020-05-30	1440	52	2	0	21	0	2398	86	3	0.0	34	0.0	2.4	78.6	-85.7
2020-05-31	1440	52	0	0	19	0	2398	86	0	0.0	31	0.0	2.4	83.1	-85.2
2020-06-01	1440	52	0	0	15	0	2398	86	0	0.0	24	0.0	2.4	83.5	-69.4
2020-06-02	1441	52	1	0	14	0	2400	86	1	0.0	23	0.0	2.4	85.5	-54.8
2020-06-03	1442	52	1	0	7	0	2401	86	1	0.0	11	0.0	1.1	84.1	-79.4
2020-06-04	1442	52	0	0	5	0	2401	86	0	0.0	8	0.0	0.0	75.0	-76.2
2020-06-05	1445	52	3	0	7	0	2406	86	4	0.0	11	0.0	0.0	86.4	-66.7
2020-06-06	1446	52	1	0	6	0	2408	86	1	0.0	9	0.0	0.0	80.5	-71.4
2020-06-07	1446	52	0	0	6	0	2408	86	0	0.0	9	0.0	0.0	70.3	-68.4
2020-06-08	1447	52	1	0	7	0	2410	86	1	0.0	11	0.0	0.0	77.6	-53.3
2020-06-09	1448	52	1	0	7	0	2411	86	1	0.0	11	0.0	0.0	70.7	-50.0
2020-06-10	1450	52	2	0	8	0	2415	86	3	0.0	13	0.0	0.0	71.6	14.3
2020-06-11	1451	52	1	0	9	0	2416	86	1	0.0	14	0.0	0.0	78.7	80.0
2020-06-12	1451	52	0	0	6	0	2416	86	0	0.0	9	0.0	0.0	78.9	-14.3
2020-06-13	1453	52	2	0	7	0	2420	86	3	0.0	11	0.0	0.0	67.0	16.7
2020-06-14	1453	52	0	0	7	0	2420	86	0	0.0	11	0.0	1.1	76.4	16.7
2020-06-15	1455	52	2	0	8	0	2423	86	3	0.0	13	0.0	0.0	77.0	14.3
2020-06-16	1457	52	2	0	9	0	2426	86	3	0.0	14	0.0	0.0	79.8	28.6
2020-06-17	1458	52	1	0	8	0	2428	86	1	0.0	13	0.0	0.0	84.1	0.0
2020-06-18	1459	52	1	0	8	0	2430	86	1	0.0	13	0.0	0.0	83.1	-11.1
2020-06-19	1459	52	0	0	8	0	2430	86	0	0.0	13	0.0	0.0	76.9	33.3
2020-06-20	1460	52	1	0	7	0	2431	86	1	0.0	11	0.0	0.0	81.2	0.0
2020-06-21	1461	52	1	0	8	0	2433	86	1	0.0	13	0.0	0.0	82.0	14.3
2020-06-22	1461	52	0	0	6	0	2433	86	0	0.0	9	0.0	0.0	84.1	-25.0
2020-06-23	1461	52	0	0	4	0	2433	86	0	0.0	6	0.0	0.0	87.2	-55.6
2020-06-24	1461	52	0	0	3	0	2433	86	0	0.0	4	0.0	0.0	78.3	-62.5
2020-06-25	1462	52	1	0	3	0	2435	86	1	0.0	4	0.0	0.0	78.4	-62.5
2020-06-26	1466	52	4	0	7	0	2441	86	6	0.0	11	0.0	0.0	87.1	-12.5
2020-06-27	1467	52	1	0	7	0	2443	86	1	0.0	11	0.0	0.0	84.1	0.0
2020-06-28	1467	52	0	0	6	0	2443	86	0	0.0	9	0.0	0.0	79.5	-25.0
2020-06-29	1468	52	1	0	7	0	2445	86	1	0.0	11	0.0	0.0	80.7	16.7
2020-06-30	1468	52	0	0	7	0	2445	86	0	0.0	11	0.0	0.0	86.0	75.0
2020-07-01	1470	52	2	0	9	0	2448	86	3	0.0	14	0.0	0.0	87.4	200.0
2020-07-02	1471	52	1	0	9	0	2450	86	1	0.0	14	0.0	0.0	86.4	200.0
2020-07-03	1471	52	0	0	5	0	2450	86	0	0.0	8	0.0	1.1	78.4	-28.6
2020-07-04	1472	52	1	0	5	0	2451	86	1	0.0	8	0.0	0.0	74.5	-28.6
2020-07-05	1472	52	0	0	5	0	2451	86	0	0.0	8	0.0	0.0	80.0	-16.7
2020-07-06	1472	52	0	0	4	0	2451	86	0	0.0	6	0.0	0.0	76.9	-42.9
2020-07-07	1472	52	0	0	4	0	2451	86	0	0.0	6	0.0	0.0	71.4	-42.9
2020-07-08	1476	52	4	0	6	0	2458	86	6	0.0	9	0.0	0.0	76.3	-33.3
2020-07-09	1478	52	2	0	7	0	2461	86	3	0.0	11	0.0	0.0	77.9	-22.2
2020-07-10	1479	52	1	0	8	0	2463	86	1	0.0	13	0.0	0.0	74.7	60.0
2020-07-11	1481	52	2	0	9	0	2466	86	3	0.0	14	0.0	1.0	71.9	80.0
2020-07-12	1482	52	1	0	10	0	2468	86	1	0.0	16	0.0	1.0	73.5	100.0
2020-07-13	1482	52	0	0	10	0	2468	86	0	0.0	16	0.0	1.0	68.4	150.0
2020-07-14	1485	52	3	0	13	0	2473	86	4	0.0	21	0.0	0.0	66.3	225.0
2020-07-15	1489	52	4	0	13	0	2480	86	6	0.0	21	0.0	0.0	76.1	116.7
2020-07-16	1490	52	1	0	12	0	2481	86	1	0.0	19	0.0	1.1	79.8	71.4
2020-07-17	1492	52	2	0	13	0	2485	86	3	0.0	21	0.0	1.1	83.7	62.5
2020-07-18	1496	52	4	0	15	0	2491	86	6	0.0	24	0.0	1.1	75.3	66.7
2020-07-19	1508	52	12	0	26	0	2511	86	19	0.0	43	0.0	1.1	75.6	160.0
2020-07-20	1516	52	8	0	34	0	2525	86	13	0.0	56	0.0	1.0	73.2	240.0
2020-07-21	1521	52	5	0	36	0	2533	86	8	0.0	59	0.0	1.0	73.2	176.9
2020-07-22	1528	52	7	0	39	0	2545	86	11	0.0	64	0.0	1.1	85.2	200.0
2020-07-23	1535	52	7	0	45	0	2556	86	11	0.0	74	0.0	1.1	76.1	275.0
2020-07-24	1537	52	2	0	45	0	2560	86	3	0.0	74	0.0	1.1	78.7	246.2
2020-07-25	1545	52	8	0	49	0	2573	86	13	0.0	81	0.0	1.1	80.4	226.7
2020-07-26	1545	52	0	0	37	0	2573	86	0	0.0	61	0.0	1.1	79.3	42.3
2020-07-27	1548	52	3	0	32	0	2578	86	4	0.0	53	0.0	0.0	73.9	-5.9
2020-07-28	1555	52	7	0	34	0	2590	86	11	0.0	56	0.0	0.0	78.4	-5.6
2020-07-29	1563	53	8	1	35	1	2603	88	13	1.666	58	1.67	0.0	79.8	-10.3
2020-07-30	1570	53	7	0	35	1	2615	88	11	0.0	58	1.67	0.0	81.1	-22.2
2020-07-31	1577	53	7	0	40	1	2626	88	11	0.0	66	1.67	0.0	80.2	-11.1
2020-08-01	1581	53	4	0	36	1	2633	88	6	0.0	59	1.67	1.2	81.2	-26.5
2020-08-02	1587	53	6	0	42	1	2643	88	9	0.0	69	1.67	0.0	78.4	13.5
2020-08-03	1600	54	13	1	52	2	2665	89	21	1.666	86	3.33	0.0	78.9	62.5
2020-08-04	1606	54	6	0	51	2	2674	89	9	0.0	84	3.33	0.0	79.1	50.0
2020-08-05	1616	54	10	0	53	1	2691	89	16	0.0	88	1.67	0.0	76.5	51.4
2020-08-06	1627	54	11	0	57	1	2709	89	18	0.0	94	1.67	0.0	72.2	62.9
2020-08-07	1633	54	6	0	56	1	2719	89	9	0.0	93	1.67	0.0	82.0	40.0
2020-08-08	1640	54	7	0	59	1	2731	89	11	0.0	98	1.67	0.0	79.5	63.9
2020-08-09	1647	54	7	0	60	1	2743	89	11	0.0	99	1.67	0.0	75.9	42.9
2020-08-10	1654	54	7	0	54	0	2754	89	11	0.0	89	0.0	0.0	82.0	3.8
2020-08-11	1663	54	9	0	57	0	2769	89	14	0.0	94	0.0	1.1	81.5	11.8
2020-08-12	1672	54	9	0	56	0	2784	89	14	0.0	93	0.0	1.1	88.0	5.7
2020-08-13	1688	54	16	0	61	0	2811	89	26	0.0	101	0.0	1.1	86.7	7.0
2020-08-14	1700	54	12	0	67	0	2831	89	19	0.0	111	0.0	0.0	85.4	19.6
2020-08-15	1707	54	7	0	67	0	2843	89	11	0.0	111	0.0	0.0	89.9	13.6
2020-08-16	1708	54	1	0	61	0	2844	89	1	0.0	101	0.0	0.0	83.1	1.7
2020-08-17	1713	54	5	0	59	0	2853	89	8	0.0	98	0.0	0.0	80.5	9.3
2020-08-18	1726	54	13	0	63	0	2874	89	21	0.0	104	0.0	0.0	89.5	10.5
2020-08-19	1735	54	9	0	63	0	2889	89	14	0.0	104	0.0	0.0	79.1	12.5
2020-08-20	1745	54	10	0	57	0	2906	89	16	0.0	94	0.0	0.0	76.9	-6.6
2020-08-21	1757	54	12	0	57	0	2926	89	19	0.0	94	0.0	0.0	86.7	-14.9
2020-08-22	1762	54	5	0	55	0	2934	89	8	0.0	91	0.0	0.0	88.1	-17.9
2020-08-23	1781	54	19	0	73	0	2966	89	31	0.0	121	0.0	0.0	78.2	19.7
2020-08-24	1791	54	10	0	78	0	2983	89	16	0.0	129	0.0	0.0	78.0	32.2
2020-08-25	1799	54	8	0	73	0	2996	89	13	0.0	121	0.0	0.0	77.3	15.9
2020-08-26	1814	54	15	0	79	0	3021	89	24	0.0	131	0.0	1.1	86.5	25.4
2020-08-27	1823	54	9	0	78	0	3036	89	14	0.0	129	0.0	1.1	79.1	36.8
2020-08-28	1832	54	9	0	75	0	3051	89	14	0.0	124	0.0	0.0	80.6	31.6
2020-08-29	1837	54	5	0	75	0	3059	89	8	0.0	124	0.0	0.0	80.9	36.4
2020-08-30	1846	54	9	0	65	0	3074	89	14	0.0	108	0.0	0.0	78.2	-11.0
2020-08-31	1851	54	5	0	60	0	3083	89	8	0.0	99	0.0	0.0	77.3	-23.1
2020-09-01	1860	54	9	0	61	0	3098	89	14	0.0	101	0.0	0.0	80.7	-16.4
2020-09-02	1870	54	10	0	56	0	3114	89	16	0.0	93	0.0	0.0	83.3	-29.1
2020-09-03	1881	55	11	1	58	1	3133	91	18	1.666	96	1.67	0.0	79.3	-25.6
2020-09-04	1891	55	10	0	59	1	3149	91	16	0.0	98	1.67	0.0	79.3	-21.3
2020-09-05	1896	55	5	0	59	1	3158	91	8	0.0	98	1.67	0.0	80.4	-21.3
2020-09-06	1900	55	4	0	54	1	3164	91	6	0.0	89	1.67	0.0	88.5	-16.9
2020-09-07	1905	55	5	0	54	1	3173	91	8	0.0	89	1.67	0.0	81.3	-10.0
2020-09-08	1908	56	3	1	48	2	3178	93	4	1.666	79	3.33	0.0	89.0	-21.3
2020-09-09	1923	56	15	0	53	2	3202	93	24	0.0	88	3.33	1.2	81.4	-5.4
2020-09-10	1933	56	10	0	52	1	3219	93	16	0.0	86	1.67	1.2	91.9	-10.3
2020-09-11	1942	56	9	0	51	1	3234	93	14	0.0	84	1.67	1.1	82.8	-13.6
2020-09-12	1955	56	13	0	59	1	3256	93	21	0.0	98	1.67	1.2	84.7	0.0
2020-09-13	1967	56	12	0	67	1	3276	93	19	0.0	111	1.67	1.2	84.7	24.1
2020-09-14	1971	56	4	0	66	1	3282	93	6	0.0	109	1.67	0.0	88.5	22.2
2020-09-15	1978	56	7	0	70	0	3294	93	11	0.0	116	0.0	0.0	85.2	45.8
2020-09-16	1982	56	4	0	59	0	3301	93	6	0.0	98	0.0	0.0	80.9	11.3
2020-09-17	2000	56	18	0	67	0	3331	93	29	0.0	111	0.0	0.0	84.9	28.8
2020-09-18	2026	57	26	1	84	1	3374	94	43	1.666	139	1.67	0.0	88.1	64.7
2020-09-19	2034	57	8	0	79	1	3387	94	13	0.0	131	1.67	0.0	84.3	33.9
2020-09-20	2043	57	9	0	76	1	3402	94	14	0.0	126	1.67	0.0	85.2	13.4
2020-09-21	2053	57	10	0	82	1	3419	94	16	0.0	136	1.67	0.0	80.7	24.2
2020-09-22	2062	57	9	0	84	1	3434	94	14	0.0	139	1.67	1.2	85.9	20.0
2020-09-23	2076	57	14	0	94	1	3457	94	23	0.0	156	1.67	1.2	91.7	59.3
2020-09-24	2092	57	16	0	92	1	3484	94	26	0.0	153	1.67	1.2	83.7	37.3
2020-09-25	2102	57	10	0	76	0	3501	94	16	0.0	126	0.0	1.2	89.0	-9.5
2020-09-26	2118	57	16	0	84	0	3527	94	26	0.0	139	0.0	0.0	86.7	6.3
2020-09-27	2130	57	12	0	87	0	3547	94	19	0.0	144	0.0	0.0	79.5	14.5
2020-09-28	2140	58	10	1	87	1	3564	96	16	1.666	144	1.67	0.0	83.7	6.1
2020-09-29	2143	58	3	0	81	1	3569	96	4	0.0	134	1.67	0.0	86.2	-3.6
2020-09-30	2160	58	17	0	84	1	3597	96	28	0.0	139	1.67	0.0	75.3	-10.6
2020-10-01	2182	58	22	0	90	1	3634	96	36	0.0	149	1.67	2.2	81.1	-2.2
2020-10-02	2194	58	12	0	92	1	3654	96	19	0.0	153	1.67	2.2	82.0	21.1
2020-10-03	2233	59	39	1	115	2	3719	98	64	1.666	191	3.33	2.3	81.6	36.9
2020-10-04	2256	59	23	0	126	2	3757	98	38	0.0	209	3.33	3.6	81.9	44.8
2020-10-05	2265	59	9	0	125	1	3772	98	14	0.0	208	1.67	3.5	82.6	43.7
2020-10-06	2286	59	21	0	143	1	3807	98	34	0.0	238	1.67	2.2	73.3	76.5
2020-10-07	2324	59	38	0	164	1	3870	98	63	0.0	273	1.67	2.2	73.3	95.2
2020-10-08	2383	59	59	0	201	1	3969	98	98	0.0	334	1.67	3.3	71.1	123.3
2020-10-09	2426	60	43	1	232	2	4040	99	71	1.666	386	3.33	4.7	84.9	152.2
2020-10-10	2449	60	23	0	216	1	4079	99	38	0.0	359	1.67	4.7	82.6	87.8
2020-10-11	2504	61	55	1	248	2	4170	101	91	1.666	413	3.33	3.5	84.9	96.8
2020-10-12	2519	62	15	1	254	3	4195	103	24	1.666	423	5.0	3.5	75.6	103.2
2020-10-13	2549	62	30	0	263	3	4245	103	49	0.0	438	5.0	4.7	80.2	83.9
2020-10-14	2592	62	43	0	268	3	4317	103	71	0.0	446	5.0	4.7	83.7	63.4
2020-10-15	2667	62	75	0	284	3	4442	103	124	0.0	473	5.0	4.6	82.8	41.3
2020-10-16	2732	63	65	1	306	3	4550	104	108	1.666	509	5.0	4.7	83.7	31.9
2020-10-17	2780	63	48	0	331	3	4630	104	79	0.0	551	5.0	4.8	88.0	53.2
2020-10-18	2788	63	8	0	284	2	4643	104	13	0.0	473	3.33	3.6	83.1	14.5
2020-10-19	2824	63	36	0	305	1	4703	104	59	0.0	508	1.67	3.5	83.7	20.1
2020-10-20	2913	65	89	2	364	3	4851	108	148	3.331	606	5.0	3.5	81.4	38.4
2020-10-21	3015	65	102	0	423	3	5021	108	169	0.0	704	5.0	3.4	82.8	57.8
2020-10-22	3156	65	141	0	489	3	5256	108	234	0.0	814	5.0	4.7	86.0	72.2
2020-10-23	3257	66	101	1	525	3	5424	109	168	1.666	874	5.0	6.0	84.3	71.6
2020-10-24	3313	66	56	0	533	3	5518	109	93	0.0	887	5.0	6.0	80.7	61.0
2020-10-25	3369	67	56	1	581	4	5611	111	93	1.666	967	6.66	8.4	79.5	104.6
2020-10-26	3424	69	55	2	600	6	5703	114	91	3.331	999	9.99	8.1	80.2	96.7
2020-10-27	3589	72	165	3	676	7	5977	119	274	4.997	1125	11.66	9.3	79.1	85.7
2020-10-28	3743	75	154	3	728	10	6234	124	256	4.997	1212	16.66	8.4	80.7	72.1
2020-10-29	3891	77	148	2	735	12	6480	128	246	3.331	1224	19.99	4.9	81.7	50.3
2020-10-30	4086	78	195	1	829	12	6805	129	324	1.666	1380	19.99	4.7	81.2	57.9
2020-10-31	4149	78	63	0	836	12	6910	129	104	0.0	1392	19.99	3.5	88.2	56.8
2020-11-01	4238	78	89	0	869	11	7058	129	148	0.0	1447	18.32	6.0	84.5	49.6
2020-11-02	4354	82	116	4	930	13	7252	136	193	6.663	1549	21.65	4.8	79.5	55.0
2020-11-03	4476	82	122	0	887	10	7455	136	203	0.0	1477	16.66	4.8	86.7	31.2
2020-11-04	4670	82	194	0	927	7	7778	136	323	0.0	1544	11.66	6.0	83.1	27.3
2020-11-05	4808	86	138	4	917	9	8008	143	229	6.663	1527	14.99	8.3	82.1	24.8
2020-11-06	5018	88	210	2	932	10	8358	146	349	3.331	1552	16.66	8.6	82.7	12.4
2020-11-07	5120	89	102	1	971	11	8528	148	169	1.666	1617	18.32	9.9	77.8	16.1
2020-11-08	5149	90	29	1	911	12	8576	149	48	1.666	1517	19.99	7.4	76.5	4.8
2020-11-09	5288	91	139	1	934	9	8807	151	231	1.666	1555	14.99	7.2	85.5	0.4
2020-11-10	5388	93	100	2	912	11	8974	154	166	3.331	1519	18.32	8.4	86.7	2.8
2020-11-11	5532	94	144	1	862	12	9214	156	239	1.666	1435	19.99	8.1	79.1	-7.0
2020-11-12	5699	96	167	2	891	10	9492	159	278	3.331	1484	16.66	5.9	85.9	-2.8
2020-11-13	5873	105	174	9	855	17	9782	174	289	14.991	1424	28.32	5.7	80.5	-8.3
2020-11-14	5962	106	89	1	842	17	9930	176	148	1.666	1402	28.32	6.0	81.9	-13.3
2020-11-15	5976	106	14	0	827	16	9953	176	23	0.0	1377	26.65	8.4	80.7	-9.2
2020-11-16	6195	112	219	6	907	21	10318	186	364	9.994	1510	34.98	9.8	74.4	-2.9
2020-11-17	6237	112	42	0	849	19	10388	186	69	0.0	1414	31.65	8.5	89.0	-6.9
2020-11-18	6395	113	158	1	863	19	10651	188	263	1.666	1437	31.65	4.8	79.8	0.1
2020-11-19	6588	119	193	6	889	23	10973	198	321	9.994	1480	38.31	4.9	85.4	-0.2
2020-11-20	6834	127	246	8	961	22	11382	211	409	13.325	1600	36.64	6.2	84.0	12.4
2020-11-21	6900	131	66	4	938	25	11492	218	109	6.663	1562	41.64	8.8	81.2	11.4
2020-11-22	6963	131	63	0	987	25	11597	218	104	0.0	1643	41.64	9.6	80.7	19.3
2020-11-23	7010	134	47	3	815	22	11676	223	78	4.997	1357	36.64	12.0	85.5	-10.1
2020-11-24	7094	139	84	5	857	27	11815	231	139	8.328	1427	44.97	10.8	86.7	0.9
2020-11-25	7238	144	144	5	843	31	12055	239	239	8.328	1404	51.63	12.6	80.5	-2.3
2020-11-26	7378	150	140	6	790	31	12288	249	233	9.994	1315	51.63	12.6	79.3	-11.1
2020-11-27	7565	160	187	10	731	33	12600	266	311	16.656	1217	54.97	13.8	78.2	-23.9
2020-11-28	7605	161	40	1	705	30	12667	268	66	1.666	1174	49.97	12.5	79.5	-24.8
2020-11-29	7791	175	186	14	828	44	12976	291	309	23.319	1379	73.29	12.9	87.1	-16.1
2020-11-30	7836	177	45	2	826	43	13051	294	74	3.331	1375	71.62	11.6	83.7	1.3
2020-12-01	7941	179	105	2	847	40	13226	298	174	3.331	1410	66.63	12.6	83.9	-1.2
2020-12-02	8060	180	119	1	822	36	13424	299	198	1.666	1369	59.96	14.3	85.7	-2.5
2020-12-03	8249	185	189	5	871	35	13739	308	314	8.328	1450	58.3	16.1	81.6	10.3
2020-12-04	8354	187	105	2	789	27	13914	311	174	3.331	1314	44.97	18.4	82.8	7.9
2020-12-05	8378	187	24	0	773	26	13954	311	39	0.0	1287	43.31	18.2	83.0	9.6
2020-12-06	8385	187	7	0	594	12	13966	311	11	0.0	989	19.99	20.5	77.3	-28.3
2020-12-07	8601	192	216	5	765	15	14326	319	359	8.328	1274	24.98	18.3	87.8	-7.4
2020-12-08	8713	194	112	2	772	15	14512	323	186	3.331	1285	24.98	15.5	83.3	-8.9
2020-12-09	8803	197	90	3	743	17	14662	328	149	4.997	1237	28.32	15.3	87.1	-9.6
2020-12-10	9097	204	294	7	848	19	15152	339	489	11.659	1412	31.65	15.5	84.5	-2.6
2020-12-11	9342	211	245	7	988	24	15560	351	408	11.659	1645	39.98	15.7	86.7	25.2
2020-12-12	9470	217	128	6	1092	30	15773	361	213	9.994	1818	49.97	14.1	83.5	41.3
2020-12-13	9526	218	56	1	1141	31	15866	363	93	1.666	1900	51.63	15.5	84.5	92.1
2020-12-14	9633	222	107	4	1032	30	16044	369	178	6.663	1718	49.97	16.7	85.7	34.9
2020-12-15	9801	228	168	6	1088	34	16324	379	279	9.994	1812	56.63	20.5	92.8	40.9
2020-12-16	10006	228	205	0	1203	31	16666	379	341	0.0	2003	51.63	19.0	91.7	61.9
2020-12-17	10201	234	195	6	1104	30	16991	389	324	9.994	1838	49.97	16.7	89.3	30.2
2020-12-18	10411	239	210	5	1069	28	17340	398	349	8.328	1780	46.64	16.7	88.1	8.2
2020-12-19	10457	241	46	2	987	24	17417	401	76	3.331	1643	39.98	19.0	88.1	-9.6
2020-12-20	10662	248	205	7	1136	30	17758	413	341	11.659	1892	49.97	18.6	87.2	-0.4
2020-12-21	10780	255	118	7	1147	33	17955	424	196	11.659	1910	54.97	24.1	88.0	11.1
2020-12-22	10917	256	137	1	1116	28	18183	426	228	1.666	1858	46.64	24.4	89.7	2.6
2020-12-23	11157	264	240	8	1151	36	18583	439	399	13.325	1917	59.96	26.9	92.3	-4.3
2020-12-24	11192	264	35	0	991	30	18641	439	58	0.0	1650	49.97	22.2	86.4	-10.2
2020-12-25	11300	265	108	1	889	26	18821	441	179	1.666	1480	43.31	20.7	81.7	-16.8
2020-12-26	11425	267	125	2	968	26	19029	444	208	3.331	1612	43.31	22.0	82.9	-1.9
2020-12-27	11444	269	19	2	782	21	19061	448	31	3.331	1302	34.98	23.2	80.5	-31.2
2020-12-28	11472	272	28	3	692	17	19108	453	46	4.997	1152	28.32	20.7	80.5	-39.7
2020-12-29	11609	280	137	8	692	24	19336	466	228	13.325	1152	39.98	24.1	80.7	-38.0
2020-12-30	11805	286	196	6	648	22	19662	476	326	9.994	1079	36.64	22.0	80.5	-43.7
2020-12-31	11937	293	132	7	745	29	19882	488	219	11.659	1240	48.3	21.0	86.4	-24.8
2021-01-01	12011	297	74	4	711	32	20005	494	123	6.663	1184	53.3	23.2	86.6	-20.0
2021-01-02	12015	297	4	0	590	30	20012	494	6	0.0	982	49.97	24.4	86.6	-39.0
2021-01-03	12054	301	39	4	610	32	20077	501	64	6.663	1016	53.3	20.7	86.6	-22.0
2021-01-04	12080	304	26	3	608	32	20120	506	43	4.997	1012	53.3	17.1	82.9	-12.1
2021-01-05	12200	309	120	5	591	29	20320	514	199	8.328	984	48.3	17.1	82.9	-14.6
2021-01-06	12397	317	197	8	592	31	20648	528	328	13.325	986	51.63	16.9	88.0	-8.6
2021-01-07	12574	322	177	5	637	29	20943	536	294	8.328	1061	48.3	18.3	86.6	-14.5
2021-01-08	12701	324	127	2	690	27	21155	539	211	3.331	1149	44.97	19.5	87.8	-3.0
2021-01-09	12786	330	85	6	771	33	21296	549	141	9.994	1284	54.97	19.8	90.1	30.7
2021-01-10	12844	331	58	1	790	30	21393	551	96	1.666	1315	49.97	15.9	92.7	29.5
2021-01-11	12877	335	33	4	797	31	21448	557	54	6.663	1327	51.63	13.6	88.9	31.1
2021-01-12	12952	341	75	6	752	32	21573	567	124	9.994	1252	53.3	15.0	85.0	27.2
2021-01-13	13071	343	119	2	674	26	21771	571	198	3.331	1122	43.31	15.0	88.8	13.9
2021-01-14	13217	349	146	6	643	27	22014	581	243	9.994	1070	44.97	14.3	84.5	0.9
2021-01-15	13346	351	129	2	645	27	22229	584	214	3.331	1074	44.97	13.4	87.8	-6.5
2021-01-16	13446	354	100	3	660	24	22396	589	166	4.997	1099	39.98	11.9	81.0	-14.4
2021-01-17	13493	355	47	1	649	24	22474	591	78	1.666	1080	39.98	12.2	87.8	-17.8
2021-01-18	13550	355	57	0	673	20	22569	591	94	0.0	1120	33.31	11.2	83.8	-15.6
2021-01-19	13613	356	63	1	661	15	22674	592	104	1.666	1100	24.98	10.0	81.2	-12.1
2021-01-20	13713	358	100	2	642	15	22840	596	166	3.331	1069	24.98	8.6	85.2	-4.7
2021-01-21	13806	365	93	7	589	16	22995	607	154	11.659	981	26.65	6.2	84.0	-8.4
2021-01-22	13869	367	63	2	523	16	23100	611	104	3.331	871	26.65	9.5	86.9	-18.9
2021-01-23	13966	374	97	7	520	20	23262	622	161	11.659	866	33.31	9.9	96.3	-21.2
2021-01-24	13992	374	26	0	499	19	23305	622	43	0.0	831	31.65	12.0	85.5	-23.1
2021-01-25	14044	377	52	3	494	22	23392	627	86	4.997	822	36.64	9.8	87.8	-26.6
2021-01-26	14089	377	45	0	476	21	23467	627	74	0.0	792	34.98	9.9	92.6	-28.0
2021-01-27	14158	379	69	2	445	21	23581	631	114	3.331	741	34.98	6.1	82.9	-30.7
2021-01-28	14229	383	71	4	423	18	23700	637	118	6.663	704	29.98	6.1	86.6	-28.2
2021-01-29	14294	386	65	3	425	19	23808	642	108	4.997	707	31.65	9.9	91.4	-18.7
2021-01-30	14366	390	72	4	400	16	23928	649	119	6.663	666	26.65	12.8	86.0	-23.1
2021-01-31	14388	390	22	0	396	16	23965	649	36	0.0	659	26.65	12.8	86.0	-20.6
2021-02-01	14402	392	14	2	358	15	23988	652	23	3.331	596	24.98	14.0	83.7	-27.5
2021-02-02	14451	396	49	4	362	19	24069	659	81	6.663	602	31.65	10.5	87.2	-23.9
2021-02-03	14493	399	42	3	335	20	24139	664	69	4.997	557	33.31	9.3	89.5	-24.7
2021-02-04	14586	406	93	7	357	23	24294	676	154	11.659	594	38.31	14.0	81.4	-15.6
2021-02-05	14654	407	68	1	360	21	24408	677	113	1.666	599	34.98	14.0	83.7	-15.3
2021-02-06	14710	411	56	4	344	21	24501	684	93	6.663	572	34.98	15.3	87.1	-14.0
2021-02-07	14734	412	24	1	346	22	24541	686	39	1.666	576	36.64	14.0	73.3	-12.6
2021-02-08	14767	417	33	5	365	25	24596	694	54	8.328	607	41.64	14.0	72.1	2.0
2021-02-09	14833	419	66	2	382	23	24706	697	109	3.331	636	38.31	12.5	76.2	5.5
2021-02-10	14892	421	59	2	399	22	24804	701	98	3.331	664	36.64	11.8	70.6	19.1
2021-02-11	14938	422	46	1	352	16	24881	702	76	1.666	586	26.65	11.8	72.9	-1.4
2021-02-12	14983	422	45	0	329	15	24956	702	74	0.0	547	24.98	12.9	77.6	-8.6
2021-02-13	14998	422	15	0	288	11	24981	702	24	0.0	479	18.32	15.5	78.6	-16.3
2021-02-14	15045	424	47	2	311	12	25059	706	78	3.331	518	19.99	16.7	78.6	-10.1
2021-02-15	15079	425	34	1	312	8	25115	707	56	1.666	519	13.33	18.8	83.5	-14.5
2021-02-16	15117	425	38	0	284	6	25179	707	63	0.0	473	9.99	14.1	84.7	-25.7
2021-02-17	15178	431	61	6	286	10	25280	717	101	9.994	476	16.66	17.4	82.6	-28.3
2021-02-18	15248	432	70	1	310	10	25397	719	116	1.666	516	16.66	14.5	83.1	-11.9
2021-02-19	15288	435	40	3	305	13	25464	724	66	4.997	508	21.65	16.9	88.0	-7.3
2021-02-20	15328	435	40	0	330	13	25530	724	66	0.0	549	21.65	17.6	87.1	14.6
2021-02-21	15353	438	25	3	308	14	25572	729	41	4.997	513	23.32	17.2	81.6	-1.0
2021-02-22	15360	438	7	0	281	13	25584	729	11	0.0	468	21.65	16.1	87.4	-9.9
2021-02-23	15403	441	43	3	286	16	25655	734	71	4.997	476	26.65	18.8	87.1	0.7
2021-02-24	15521	446	118	5	343	15	25852	742	196	8.328	571	24.98	16.5	85.9	19.9
2021-02-25	15565	446	44	0	317	14	25925	742	73	0.0	528	23.32	16.5	85.9	2.3
2021-02-26	15613	447	48	1	325	12	26005	744	79	1.666	541	19.99	16.5	81.2	6.6
2021-02-27	15633	449	20	2	305	14	26038	747	33	3.331	508	23.32	15.7	79.5	-7.6
2021-02-28	15647	450	14	1	294	12	26062	749	23	1.666	489	19.99	15.5	82.1	-4.5
2021-03-01	15668	451	21	1	308	13	26097	751	34	1.666	513	21.65	14.5	80.7	9.6
2021-03-02	15736	453	68	2	333	12	26210	754	113	3.331	554	19.99	11.6	76.7	16.4
2021-03-03	15786	455	50	2	265	9	26293	757	83	3.331	441	14.99	9.3	84.9	-22.7
2021-03-04	15836	456	50	1	271	10	26376	759	83	1.666	451	16.66	10.2	84.1	-14.5
2021-03-05	15872	456	36	0	259	9	26436	759	59	0.0	431	14.99	8.0	83.0	-20.3
2021-03-06	15923	457	51	1	290	8	26521	761	84	1.666	483	13.33	10.5	81.4	-4.9
2021-03-07	15938	457	15	0	291	7	26546	761	24	0.0	484	11.66	10.3	78.2	-1.0
2021-03-08	15948	457	10	0	280	6	26563	761	16	0.0	466	9.99	9.1	76.1	-9.1
2021-03-09	16007	457	59	0	271	4	26661	761	98	0.0	451	6.66	11.5	80.5	-18.6
2021-03-10	16103	458	96	1	317	3	26821	762	159	1.666	528	5.0	11.4	81.8	19.6
2021-03-11	16192	459	89	1	356	3	26969	764	148	1.666	592	5.0	9.1	80.7	31.4
2021-03-12	16294	463	102	4	422	7	27139	771	169	6.663	702	11.66	11.4	86.4	62.9
2021-03-13	16345	466	51	3	422	9	27224	776	84	4.997	702	14.99	11.8	81.2	45.5
2021-03-14	16396	466	51	0	458	9	27309	776	84	0.0	762	14.99	10.7	79.8	57.4
2021-03-15	16413	466	17	0	465	9	27337	776	28	0.0	774	14.99	9.6	78.3	66.1
2021-03-16	16486	466	73	0	479	9	27459	776	121	0.0	797	14.99	9.4	80.0	76.8
2021-03-17	16598	467	112	1	495	9	27646	777	186	1.666	824	14.99	13.1	79.8	56.2
2021-03-18	16704	469	106	2	512	10	27822	781	176	3.331	852	16.66	13.1	90.5	43.8
2021-03-19	16810	469	106	0	516	6	27999	781	176	0.0	859	9.99	13.1	89.3	22.3
2021-03-20	16886	469	76	0	541	3	28125	781	126	0.0	901	5.0	14.3	83.3	28.2
2021-03-21	16916	470	30	1	520	4	28175	782	49	1.666	866	6.66	11.8	77.6	13.5
2021-03-22	16946	470	30	0	533	4	28225	782	49	0.0	887	6.66	16.5	84.7	14.6
2021-03-23	17037	473	91	3	551	7	28377	787	151	4.997	917	11.66	18.1	84.3	15.0
2021-03-24	17197	473	160	0	599	6	28643	787	266	0.0	997	9.99	15.3	84.7	21.0
2021-03-25	17347	475	150	2	643	6	28893	791	249	3.331	1070	9.99	16.5	85.9	25.6
2021-03-26	17492	477	145	2	682	8	29135	794	241	3.331	1135	13.33	15.3	87.1	32.2
2021-03-27	17576	479	84	2	690	10	29275	797	139	3.331	1149	16.66	18.8	90.6	27.5
2021-03-28	17600	480	24	1	684	10	29315	799	39	1.666	1139	16.66	20.5	85.5	31.5
2021-03-29	17672	482	72	2	726	12	29434	802	119	3.331	1209	19.99	19.8	89.5	36.2
2021-03-30	17784	483	112	1	747	10	29621	804	186	1.666	1244	16.66	18.8	88.2	35.6
2021-03-31	17938	485	154	2	741	12	29877	807	256	3.331	1234	19.99	16.5	85.9	23.7
2021-04-01	18056	485	118	0	709	10	30074	807	196	0.0	1180	16.66	16.3	88.4	10.3
2021-04-02	18146	486	90	1	654	9	30224	809	149	1.666	1089	14.99	16.3	88.4	-4.1
2021-04-03	18172	486	26	0	596	7	30267	809	43	0.0	992	11.66	15.1	90.7	-13.6
2021-04-04	18189	486	17	0	589	6	30296	809	28	0.0	981	9.99	16.7	92.9	-13.9
2021-04-05	18229	487	40	1	557	5	30362	811	66	1.666	927	8.33	17.9	90.5	-23.3
2021-04-06	18295	489	66	2	511	6	30472	814	109	3.331	851	9.99	19.0	86.9	-31.6
2021-04-07	18424	492	129	3	486	7	30687	819	214	4.997	809	11.66	20.0	89.4	-34.4
2021-04-08	18599	499	175	7	543	14	30978	831	291	11.659	904	23.32	16.5	85.9	-23.4
2021-04-09	18772	502	173	3	626	16	31267	836	288	4.997	1042	26.65	17.6	88.2	-4.3
2021-04-10	18864	502	92	0	692	16	31420	836	153	0.0	1152	26.65	15.3	83.5	16.1
2021-04-11	18899	502	35	0	710	16	31478	836	58	0.0	1182	26.65	23.5	87.1	20.5
2021-04-12	18965	503	66	1	736	16	31588	837	109	1.666	1225	26.65	21.7	89.2	32.1
2021-04-13	19134	506	169	3	839	17	31870	842	281	4.997	1397	28.32	22.9	95.2	64.2
2021-04-14	19325	513	191	7	901	21	32188	854	318	11.659	1500	34.98	23.8	94.0	85.4
2021-04-15	19456	513	131	0	857	14	32406	854	218	0.0	1427	23.32	20.0	85.6	57.8
2021-04-16	19593	513	137	0	821	11	32634	854	228	0.0	1367	18.32	21.1	85.6	31.2
2021-04-17	19707	516	114	3	843	14	32824	859	189	4.997	1404	23.32	21.3	89.9	21.8
2021-04-18	19748	516	41	0	849	14	32892	859	68	0.0	1414	23.32	22.1	80.2	19.6
2021-04-19	19807	516	59	0	842	13	32991	859	98	0.0	1402	21.65	21.8	88.5	14.4
2021-04-20	19983	519	176	3	849	13	33284	864	293	4.997	1414	21.65	21.6	89.8	1.2
2021-04-21	20183	524	200	5	858	11	33617	872	333	8.328	1429	18.32	21.6	87.5	-4.8
2021-04-22	20329	527	146	3	873	14	33860	877	243	4.997	1454	23.32	22.1	89.5	1.9
2021-04-23	20514	528	185	1	921	15	34168	879	308	1.666	1534	24.98	27.9	87.2	12.2
2021-04-24	20635	529	121	1	928	13	34370	881	201	1.666	1545	21.65	24.4	93.0	10.1
2021-04-25	20674	530	39	1	926	14	34435	882	64	1.666	1542	23.32	23.3	84.9	9.1
2021-04-26	20749	530	75	0	942	14	34560	882	124	0.0	1569	23.32	21.3	86.5	11.9
2021-04-27	20869	532	120	2	886	13	34759	886	199	3.331	1475	21.65	23.3	84.9	4.4
2021-04-28	21034	535	165	3	851	11	35034	891	274	4.997	1417	18.32	23.0	90.8	-0.8
2021-04-29	21157	536	123	1	828	9	35239	892	204	1.666	1379	14.99	21.8	90.8	-5.2
2021-04-30	21263	537	106	1	749	9	35416	894	176	1.666	1247	14.99	20.7	88.5	-18.7
2021-05-01	21353	537	90	0	718	8	35566	894	149	0.0	1195	13.33	20.7	88.5	-22.6
2021-05-02	21368	538	15	1	694	8	35591	896	24	1.666	1155	13.33	20.7	77.0	-25.1
2021-05-03	21422	538	54	0	673	8	35681	896	89	0.0	1120	13.33	19.5	85.1	-28.6
2021-05-04	21549	539	127	1	680	7	35892	897	211	1.666	1132	11.66	20.5	86.4	-23.3
2021-05-05	21704	541	155	2	670	6	36150	901	258	3.331	1115	9.99	19.3	87.5	-21.3
2021-05-06	21795	541	91	0	638	5	36302	901	151	0.0	1062	8.33	20.0	86.7	-22.9
2021-05-07	21881	542	86	1	618	5	36445	902	143	1.666	1029	8.33	18.9	83.3	-17.5
2021-05-08	21949	542	68	0	596	5	36558	902	113	0.0	992	8.33	17.8	83.3	-17.0
2021-05-09	21971	542	22	0	603	4	36595	902	36	0.0	1004	6.66	17.8	84.4	-13.1
2021-05-10	22027	542	56	0	605	4	36688	902	93	0.0	1007	6.66	15.4	83.5	-10.1
2021-05-11	22132	542	105	0	583	3	36863	902	174	0.0	971	5.0	15.4	86.8	-14.3
2021-05-12	22245	543	113	1	541	2	37051	904	188	1.666	901	3.33	13.2	83.5	-19.3
2021-05-13	22282	543	37	0	487	2	37113	904	61	0.0	811	3.33	13.2	79.1	-23.7
2021-05-14	22314	543	32	0	433	1	37166	904	53	0.0	721	1.67	13.5	87.6	-29.9
2021-05-15	22409	545	95	2	460	3	37325	907	158	3.331	766	5.0	13.2	82.4	-22.8
2021-05-16	22433	546	24	1	462	4	37364	909	39	1.666	769	6.66	12.0	75.0	-23.4
2021-05-17	22476	546	43	0	449	4	37436	909	71	0.0	747	6.66	15.2	84.8	-25.8
2021-05-18	22564	546	88	0	432	4	37583	909	146	0.0	719	6.66	15.2	83.7	-25.9
2021-05-19	22634	547	70	1	389	4	37699	911	116	1.666	647	6.66	14.8	84.1	-28.1
2021-05-20	22693	548	59	1	411	5	37798	912	98	1.666	684	8.33	17.4	83.7	-15.6
2021-05-21	22747	548	54	0	433	5	37887	912	89	0.0	721	8.33	19.6	87.0	0.0
2021-05-22	22783	548	36	0	374	3	37947	912	59	0.0	622	5.0	15.2	87.0	-18.7
2021-05-23	22797	548	14	0	364	2	37971	912	23	0.0	606	3.33	15.2	83.7	-21.2
2021-05-24	22803	548	6	0	327	2	37981	912	9	0.0	544	3.33	14.3	84.6	-27.2
2021-05-25	22829	548	26	0	265	2	38024	912	43	0.0	441	3.33	13.0	83.7	-38.7
2021-05-26	22878	548	49	0	244	1	38106	912	81	0.0	406	1.67	12.0	84.8	-37.3
2021-05-27	22916	548	38	0	223	0	38169	912	63	0.0	371	0.0	10.9	80.4	-45.7
2021-05-28	22939	548	23	0	192	0	38207	912	38	0.0	319	0.0	9.8	80.4	-55.7
2021-05-29	22967	548	28	0	184	0	38254	912	46	0.0	306	0.0	8.7	81.5	-50.8
2021-05-30	22976	548	9	0	179	0	38269	912	14	0.0	298	0.0	9.0	84.3	-50.8
2021-05-31	23004	549	28	1	201	1	38316	914	46	1.666	334	1.67	12.4	89.9	-38.5
2021-06-01	23070	549	66	0	241	1	38425	914	109	0.0	401	1.67	11.4	87.5	-9.1
2021-06-02	23116	549	46	0	238	1	38502	914	76	0.0	396	1.67	11.2	86.5	-2.5
2021-06-03	23142	549	26	0	226	1	38545	914	43	0.0	376	1.67	11.1	88.9	1.3
2021-06-04	23170	549	28	0	231	1	38592	914	46	0.0	384	1.67	11.4	84.1	20.3
2021-06-05	23185	549	15	0	218	1	38617	914	24	0.0	363	1.67	10.2	81.8	18.5
2021-06-06	23189	549	4	0	213	1	38624	914	6	0.0	354	1.67	10.2	81.8	19.0
2021-06-07	23201	549	12	0	197	0	38644	914	19	0.0	328	0.0	6.9	83.9	-2.0
2021-06-08	23227	550	26	1	157	1	38687	916	43	1.666	261	1.67	6.7	89.9	-34.9
2021-06-09	23256	550	29	0	140	1	38735	916	48	0.0	233	1.67	5.8	88.4	-41.2
2021-06-10	23270	550	14	0	128	1	38759	916	23	0.0	213	1.67	4.6	89.7	-43.4
2021-06-11	23283	550	13	0	113	1	38780	916	21	0.0	188	1.67	4.5	88.8	-51.1
2021-06-12	23291	550	8	0	106	1	38794	916	13	0.0	176	1.67	4.5	82.0	-51.4
2021-06-13	23303	550	12	0	114	1	38814	916	19	0.0	189	1.67	3.5	80.0	-46.5
2021-06-14	23313	550	10	0	112	1	38830	916	16	0.0	186	1.67	3.4	80.5	-43.1
2021-06-15	23321	550	8	0	94	0	38844	916	13	0.0	156	0.0	4.3	77.2	-40.1
2021-06-16	23332	550	11	0	76	0	38862	916	18	0.0	126	0.0	2.4	84.7	-45.7
2021-06-17	23340	550	8	0	70	0	38875	916	13	0.0	116	0.0	1.2	82.4	-45.3
2021-06-18	23345	550	5	0	62	0	38884	916	8	0.0	103	0.0	1.1	83.9	-45.1
2021-06-19	23350	550	5	0	59	0	38892	916	8	0.0	98	0.0	1.1	81.6	-44.3
2021-06-20	23351	550	1	0	48	0	38894	916	1	0.0	79	0.0	2.3	83.9	-57.9
2021-06-21	23353	550	2	0	40	0	38897	916	3	0.0	66	0.0	2.3	90.7	-64.3
2021-06-22	23359	550	6	0	38	0	38907	916	9	0.0	63	0.0	1.2	88.1	-59.6
2021-06-23	23360	550	1	0	28	0	38909	916	1	0.0	46	0.0	1.2	89.4	-63.2
2021-06-24	23366	550	6	0	26	0	38919	916	9	0.0	43	0.0	2.4	87.1	-62.9
2021-06-25	23368	550	2	0	23	0	38922	916	3	0.0	38	0.0	2.4	83.5	-62.9
2021-06-26	23369	550	1	0	19	0	38924	916	1	0.0	31	0.0	0.0	84.5	-67.8
2021-06-27	23371	550	2	0	20	0	38927	916	3	0.0	33	0.0	0.0	84.5	-58.3
2021-06-28	23374	551	3	1	21	1	38932	917	4	1.666	34	1.67	0.0	85.7	-47.5
2021-06-29	23380	553	6	2	21	3	38942	921	9	3.331	34	5.0	0.0	85.7	-44.7
2021-06-30	23384	553	4	0	24	3	38948	921	6	0.0	39	5.0	0.0	90.5	-14.3
2021-07-01	23388	553	4	0	22	3	38955	921	6	0.0	36	5.0	0.0	88.2	-15.4
2021-07-02	23393	553	5	0	25	3	38963	921	8	0.0	41	5.0	0.0	87.1	8.7
2021-07-03	23396	553	3	0	27	3	38968	921	4	0.0	44	5.0	1.2	84.7	42.1
2021-07-04	23399	553	3	0	28	3	38973	921	4	0.0	46	5.0	1.2	85.9	40.0
2021-07-05	23401	554	2	1	27	3	38977	922	3	1.666	44	5.0	0.0	88.2	28.6
2021-07-06	23408	555	7	1	28	2	38988	924	11	1.666	46	3.33	0.0	88.2	33.3
2021-07-07	23413	555	5	0	29	2	38997	924	8	0.0	48	3.33	1.2	91.7	20.8
2021-07-08	23418	555	5	0	30	2	39005	924	8	0.0	49	3.33	1.2	83.3	36.4
2021-07-09	23420	555	2	0	27	2	39008	924	3	0.0	44	3.33	1.2	86.9	8.0
2021-07-10	23427	555	7	0	31	2	39020	924	11	0.0	51	3.33	1.2	84.7	14.8
2021-07-11	23430	555	3	0	31	2	39025	924	4	0.0	51	3.33	1.2	78.3	10.7
2021-07-12	23436	555	6	0	35	1	39035	924	9	0.0	58	1.67	1.2	78.3	29.6
2021-07-13	23446	555	10	0	38	0	39052	924	16	0.0	63	0.0	1.1	74.7	35.7
2021-07-14	23455	555	9	0	42	0	39067	924	14	0.0	69	0.0	1.2	82.1	44.8
2021-07-15	23459	555	4	0	41	0	39073	924	6	0.0	68	0.0	1.2	78.6	36.7
2021-07-16	23468	555	9	0	48	0	39088	924	14	0.0	79	0.0	1.2	86.9	77.8
2021-07-17	23486	555	18	0	59	0	39118	924	29	0.0	98	0.0	2.4	89.0	90.3
2021-07-18	23490	555	4	0	60	0	39125	924	6	0.0	99	0.0	1.2	87.8	93.5
2021-07-19	23504	555	14	0	68	0	39148	924	23	0.0	113	0.0	1.2	87.2	94.3
2021-07-20	23520	555	16	0	74	0	39175	924	26	0.0	123	0.0	1.1	81.6	94.7
2021-07-21	23540	555	20	0	85	0	39208	924	33	0.0	141	0.0	1.2	90.7	102.4
2021-07-22	23561	555	21	0	102	0	39243	924	34	0.0	169	0.0	1.2	87.2	148.8
2021-07-23	23574	555	13	0	106	0	39265	924	21	0.0	176	0.0	1.2	86.0	120.8
2021-07-24	23593	555	19	0	107	0	39297	924	31	0.0	178	0.0	1.2	83.7	81.4
2021-07-25	23595	555	2	0	105	0	39300	924	3	0.0	174	0.0	1.2	79.1	75.0
2021-07-26	23602	555	7	0	98	0	39312	924	11	0.0	163	0.0	1.2	88.4	44.1
2021-07-27	23620	555	18	0	100	0	39342	924	29	0.0	166	0.0	1.2	84.9	35.1
2021-07-28	23634	556	14	1	94	1	39365	926	23	1.666	156	1.67	1.2	84.9	10.6
2021-07-29	23656	556	22	0	95	1	39402	926	36	0.0	158	1.67	1.2	80.2	-6.9
2021-07-30	23672	556	16	0	98	1	39428	926	26	0.0	163	1.67	1.2	83.1	-7.5
2021-07-31	23699	556	27	0	106	1	39473	926	44	0.0	176	1.67	1.2	91.5	-0.9
2021-08-01	23704	556	5	0	109	1	39481	926	8	0.0	181	1.67	1.2	85.2	3.8
2021-08-02	23725	557	21	1	123	2	39516	927	34	1.666	204	3.33	2.4	84.3	25.5
2021-08-03	23760	557	35	0	140	2	39575	927	58	0.0	233	3.33	2.4	87.8	40.0
2021-08-04	23785	557	25	0	151	1	39616	927	41	0.0	251	1.67	2.4	84.1	60.6
2021-08-05	23820	557	35	0	164	1	39675	927	58	0.0	273	1.67	1.2	82.9	72.6
2021-08-06	23855	557	35	0	183	1	39733	927	58	0.0	304	1.67	1.2	85.5	86.7
2021-08-07	23884	557	29	0	185	1	39781	927	48	0.0	308	1.67	2.4	83.1	74.5
2021-08-08	23895	557	11	0	191	1	39800	927	18	0.0	318	1.67	2.4	81.9	75.2
2021-08-09	23921	557	26	0	196	0	39843	927	43	0.0	326	0.0	1.2	78.3	59.3
2021-08-10	23980	557	59	0	220	0	39941	927	98	0.0	366	0.0	1.2	80.7	57.1
2021-08-11	24031	557	51	0	246	0	40026	927	84	0.0	409	0.0	1.2	83.1	62.9
2021-08-12	24098	557	67	0	278	0	40138	927	111	0.0	463	0.0	1.2	84.5	69.5
2021-08-13	24158	558	60	1	303	1	40238	929	99	1.666	504	1.67	2.4	86.7	65.6
2021-08-14	24227	558	69	0	343	1	40353	929	114	0.0	571	1.67	3.6	86.7	85.4
2021-08-15	24248	558	21	0	353	1	40388	929	34	0.0	587	1.67	4.8	94.0	84.8
2021-08-16	24308	559	60	1	387	2	40488	931	99	1.666	644	3.33	4.8	85.5	97.4
2021-08-17	24401	559	93	0	421	2	40642	931	154	0.0	701	3.33	6.0	94.0	91.4
2021-08-18	24496	560	95	1	465	3	40801	932	158	1.666	774	5.0	6.0	90.5	89.0
2021-08-19	24572	560	76	0	474	3	40927	932	126	0.0	789	5.0	5.9	87.1	70.5
2021-08-20	24702	561	130	1	544	3	41144	934	216	1.666	906	5.0	4.8	90.5	79.5
2021-08-21	24804	563	102	2	577	5	41314	937	169	3.331	961	8.33	4.8	91.7	68.2
2021-08-22	24862	563	58	0	614	5	41410	937	96	0.0	1022	8.33	8.3	94.0	73.9
2021-08-23	24945	564	83	1	637	5	41549	939	138	1.666	1061	8.33	10.6	91.8	64.6
2021-08-24	25079	565	134	1	678	6	41772	941	223	1.666	1129	9.99	8.2	92.9	61.0
2021-08-25	25226	565	147	0	730	5	42017	941	244	0.0	1215	8.33	8.2	91.8	57.0
2021-08-26	25371	565	145	0	799	5	42258	941	241	0.0	1330	8.33	9.5	90.5	68.6
2021-08-27	25508	565	137	0	806	4	42486	941	228	0.0	1342	6.66	10.7	90.5	48.2
2021-08-28	25634	566	126	1	830	3	42696	942	209	1.666	1382	5.0	12.0	89.2	43.8
2021-08-29	25658	567	24	1	796	4	42736	944	39	1.666	1325	6.66	13.3	88.0	29.6
2021-08-30	25702	568	44	1	757	4	42809	946	73	1.666	1260	6.66	13.3	81.9	18.8
2021-08-31	25831	568	129	0	752	3	43024	946	214	0.0	1252	5.0	12.0	80.7	10.9
2021-09-01	26001	568	170	0	775	3	43307	946	283	0.0	1290	5.0	10.8	86.7	6.2
2021-09-02	26129	569	128	1	758	4	43521	947	213	1.666	1262	6.66	8.4	81.9	-5.1
2021-09-03	26236	570	107	1	728	5	43699	949	178	1.666	1212	8.33	11.4	87.3	-9.7
2021-09-04	26329	572	93	2	695	6	43854	952	154	3.331	1157	9.99	7.6	78.5	-16.3
2021-09-05	26360	573	31	1	702	6	43905	954	51	1.666	1169	9.99	9.6	84.3	-11.8
2021-09-06	26381	573	21	0	679	5	43940	954	34	0.0	1130	8.33	9.6	86.7	-10.3
2021-09-07	26512	574	131	1	681	6	44159	956	218	1.666	1134	9.99	12.0	85.5	-9.4
2021-09-08	26647	575	135	1	646	7	44383	957	224	1.666	1075	11.66	11.0	85.4	-16.6
2021-09-09	26753	575	106	0	624	6	44560	957	176	0.0	1039	9.99	9.8	81.7	-17.7
2021-09-10	26851	575	98	0	615	5	44723	957	163	0.0	1024	8.33	8.3	86.9	-15.5
2021-09-11	26922	576	71	1	593	4	44841	959	118	1.666	987	6.66	7.1	86.9	-14.7
2021-09-12	26946	576	24	0	586	3	44881	959	39	0.0	976	5.0	7.6	86.1	-16.5
2021-09-13	26986	576	40	0	605	3	44948	959	66	0.0	1007	5.0	8.9	92.4	-10.9
2021-09-14	27085	576	99	0	573	2	45113	959	164	0.0	954	3.33	9.9	86.4	-15.9
2021-09-15	27151	576	66	0	504	1	45223	959	109	0.0	839	1.67	11.1	85.2	-22.0
2021-09-16	27237	576	86	0	484	1	45366	959	143	0.0	806	1.67	12.5	91.2	-22.4
2021-09-17	27273	576	36	0	422	1	45426	959	59	0.0	702	1.67	12.7	86.1	-31.4
2021-09-18	27314	576	41	0	392	0	45494	959	68	0.0	652	0.0	12.7	88.6	-33.9
2021-09-19	27326	576	12	0	380	0	45514	959	19	0.0	632	0.0	11.4	84.8	-35.2
2021-09-20	27349	576	23	0	363	0	45553	959	38	0.0	604	0.0	12.3	90.1	-40.0
2021-09-21	27411	576	62	0	326	0	45656	959	103	0.0	542	0.0	13.6	87.7	-43.1
2021-09-22	27474	576	63	0	323	0	45761	959	104	0.0	537	0.0	12.3	87.7	-35.9
2021-09-23	27511	578	37	2	274	2	45823	962	61	3.331	456	3.33	13.9	91.1	-43.4
2021-09-24	27572	579	61	1	299	3	45924	964	101	1.666	498	5.0	14.3	88.3	-29.1
2021-09-25	27600	579	28	0	286	3	45971	964	46	0.0	476	5.0	13.9	87.3	-27.0
2021-09-26	27621	579	21	0	295	3	46006	964	34	0.0	491	5.0	11.1	87.7	-22.4
2021-09-27	27645	579	24	0	296	3	46046	964	39	0.0	493	5.0	9.6	89.2	-18.5
2021-09-28	27704	579	59	0	293	3	46144	964	98	0.0	488	5.0	10.0	87.5	-10.1
2021-09-29	27768	580	64	1	294	4	46251	966	106	1.666	489	6.66	10.7	84.5	-9.0
2021-09-30	27814	580	46	0	303	2	46327	966	76	0.0	504	3.33	10.7	89.3	10.6
2021-10-01	27844	580	30	0	272	1	46377	966	49	0.0	453	1.67	10.0	87.5	-9.0
2021-10-02	27868	580	24	0	268	1	46417	966	39	0.0	446	1.67	8.4	84.3	-6.3
2021-10-03	27877	580	9	0	256	1	46432	966	14	0.0	426	1.67	8.4	89.2	-13.2
2021-10-04	27887	580	10	0	242	1	46449	966	16	0.0	403	1.67	7.2	90.4	-18.2
2021-10-05	27921	580	34	0	217	1	46505	966	56	0.0	361	1.67	7.2	92.8	-25.9
2021-10-06	27969	580	48	0	201	0	46585	966	79	0.0	334	0.0	7.2	89.2	-31.6
2021-10-07	28010	581	41	1	196	1	46654	967	68	1.666	326	1.67	4.8	90.4	-35.3
2021-10-08	28044	581	34	0	200	1	46710	967	56	0.0	333	1.67	3.6	86.7	-26.5
2021-10-09	28072	581	28	0	204	1	46757	967	46	0.0	339	1.67	3.7	95.1	-23.9
2021-10-10	28089	581	17	0	212	1	46785	967	28	0.0	353	1.67	3.6	89.3	-17.2
2021-10-11	28099	582	10	1	212	2	46802	969	16	1.666	353	3.33	6.0	85.7	-12.4
2021-10-12	28162	582	63	0	241	2	46907	969	104	0.0	401	3.33	7.1	88.2	11.1
2021-10-13	28199	582	37	0	230	2	46968	969	61	0.0	383	3.33	7.2	86.7	14.4
2021-10-14	28244	584	45	2	234	3	47043	972	74	3.331	389	5.0	7.2	89.2	19.4
2021-10-15	28284	585	40	1	240	4	47110	974	66	1.666	399	6.66	5.7	87.4	20.0
2021-10-16	28318	586	34	1	246	5	47167	976	56	1.666	409	8.33	5.7	88.5	20.6
2021-10-17	28327	587	9	1	238	6	47182	977	14	1.666	396	9.99	4.6	86.2	12.3
2021-10-18	28354	587	27	0	255	5	47227	977	44	0.0	424	8.33	8.4	81.9	20.3
2021-10-19	28440	587	86	0	278	5	47370	977	143	0.0	463	8.33	9.6	86.7	15.4
2021-10-20	28489	587	49	0	290	5	47452	977	81	0.0	483	8.33	9.6	88.0	26.1
2021-10-21	28563	588	74	1	319	4	47575	979	123	1.666	531	6.66	8.4	88.0	36.3
2021-10-22	28627	589	64	1	343	4	47681	981	106	1.666	571	6.66	8.4	91.6	42.9
2021-10-23	28710	589	83	0	392	3	47820	981	138	0.0	652	5.0	8.2	94.1	59.3
2021-10-24	28725	590	15	1	398	3	47845	982	24	1.666	662	5.0	8.3	88.1	67.2
2021-10-25	28769	591	44	1	415	4	47918	984	73	1.666	691	6.66	5.6	79.8	62.7
2021-10-26	28906	591	137	0	466	4	48146	984	228	0.0	776	6.66	5.9	91.8	67.6
2021-10-27	29105	591	199	0	616	4	48478	984	331	0.0	1026	6.66	6.0	92.8	112.4
2021-10-28	29228	591	123	0	665	3	48682	984	204	0.0	1107	5.0	6.1	87.8	108.5
2021-10-29	29327	592	99	1	700	3	48847	986	164	1.666	1165	5.0	7.1	92.9	104.1
2021-10-30	29419	592	92	0	709	3	49001	986	153	0.0	1180	5.0	8.3	90.5	80.9
2021-10-31	29449	592	30	0	724	2	49051	986	49	0.0	1205	3.33	8.3	91.7	81.9
2021-11-01	29472	592	23	0	703	1	49089	986	38	0.0	1170	1.67	8.0	85.2	69.4
2021-11-02	29523	592	51	0	617	1	49174	986	84	0.0	1027	1.67	7.9	86.5	32.4
2021-11-03	29708	593	185	1	603	2	49482	987	308	1.666	1004	3.33	8.1	87.2	-2.1
2021-11-04	29863	594	155	1	635	3	49740	989	258	1.666	1057	5.0	6.0	92.9	-4.5
2021-11-05	29974	595	111	1	647	3	49925	991	184	1.666	1077	5.0	4.6	87.4	-7.6
2021-11-06	30084	597	110	2	665	5	50108	994	183	3.331	1107	8.33	4.6	85.1	-6.2
2021-11-07	30136	597	52	0	687	5	50195	994	86	0.0	1144	8.33	8.4	85.5	-5.1
2021-11-08	30223	598	87	1	751	6	50340	996	144	1.666	1250	9.99	10.2	87.5	6.8
2021-11-09	30425	599	202	1	902	7	50676	997	336	1.666	1502	11.66	8.0	84.1	46.2
2021-11-10	30626	599	201	0	918	6	51011	997	334	0.0	1529	9.99	6.0	83.3	52.2
2021-11-11	30809	602	183	3	946	8	51316	1002	304	4.997	1575	13.33	9.4	83.5	49.0
2021-11-12	30982	604	173	2	1008	9	51604	1006	288	3.331	1678	14.99	9.4	95.3	55.8
2021-11-13	31136	605	154	1	1052	8	51860	1007	256	1.666	1752	13.33	11.8	90.6	58.2
2021-11-14	31191	606	55	1	1055	9	51952	1009	91	1.666	1757	14.99	11.9	89.3	53.6
2021-11-15	31320	606	129	0	1097	8	52167	1009	214	0.0	1827	13.33	11.8	87.1	46.1
2021-11-16	31610	607	290	1	1185	8	52650	1011	483	1.666	1973	13.33	9.1	92.0	31.4
2021-11-17	31858	608	248	1	1232	9	53063	1012	413	1.666	2052	14.99	9.3	94.2	34.2
2021-11-18	32147	613	289	5	1338	11	53544	1021	481	8.328	2228	18.32	8.0	86.2	41.4
2021-11-19	32419	614	272	1	1437	10	53997	1022	453	1.666	2393	16.66	8.0	86.4	42.6
2021-11-20	32683	614	264	0	1547	9	54437	1022	439	0.0	2576	14.99	9.1	83.0	47.1
2021-11-21	32836	614	153	0	1645	8	54692	1022	254	0.0	2739	13.33	14.3	83.3	55.9
2021-11-22	32971	614	135	0	1651	8	54917	1022	224	0.0	2749	13.33	15.9	93.9	50.5
2021-11-23	33256	615	285	1	1646	8	55392	1024	474	1.666	2741	13.33	14.0	89.5	38.9
2021-11-24	33800	617	544	2	1942	9	56298	1027	906	3.331	3234	14.99	16.7	86.9	57.6
2021-11-25	34105	619	305	2	1958	6	56806	1031	508	3.331	3261	9.99	14.6	84.3	46.3
2021-11-26	34441	619	336	0	2022	5	57365	1031	559	0.0	3367	8.33	15.1	89.5	40.7
2021-11-27	34695	621	254	2	2012	7	57788	1034	423	3.331	3351	11.66	17.2	90.8	30.1
2021-11-28	34782	622	87	1	1946	8	57933	1036	144	1.666	3241	13.33	17.0	86.4	18.3
2021-11-29	34938	623	156	1	1967	9	58193	1037	259	1.666	3276	14.99	16.5	95.3	19.1
2021-11-30	35296	623	358	0	2040	8	58789	1037	596	0.0	3397	13.33	16.5	92.9	23.9
2021-12-01	35639	627	343	4	1839	10	59361	1044	571	6.663	3063	16.66	15.9	90.2	-5.3
2021-12-02	35998	627	359	0	1893	8	59959	1044	597	0.0	3153	13.33	15.5	91.7	-3.3
2021-12-03	36336	627	338	0	1895	8	60522	1044	562	0.0	3156	13.33	11.2	92.1	-6.3
2021-12-04	36613	628	277	1	1918	7	60983	1046	461	1.666	3194	11.66	9.6	96.4	-4.7
2021-12-05	36686	628	73	0	1904	6	61105	1046	121	0.0	3171	9.99	10.7	91.7	-2.2
2021-12-06	36873	628	187	0	1935	5	61416	1046	311	0.0	3222	8.33	8.2	89.4	-1.6
2021-12-07	37173	630	300	2	1877	7	61916	1049	499	3.331	3126	11.66	8.0	85.2	-8.0
2021-12-08	37496	631	323	1	1857	4	62454	1051	537	1.666	3093	6.66	6.8	92.0	1.0
2021-12-09	37756	632	260	1	1758	5	62887	1052	433	1.666	2928	8.33	8.0	90.9	-7.1
2021-12-10	38046	634	290	2	1710	7	63370	1056	483	3.331	2848	11.66	10.3	90.8	-9.8
2021-12-11	38173	634	127	0	1560	6	63581	1056	211	0.0	2598	9.99	13.1	95.2	-18.7
2021-12-12	38262	635	89	1	1576	7	63730	1057	148	1.666	2625	11.66	13.1	94.0	-17.2
2021-12-13	38405	636	143	1	1532	8	63968	1059	238	1.666	2551	13.33	10.5	86.0	-20.8
2021-12-14	38730	637	325	1	1557	7	64509	1061	541	1.666	2593	11.66	12.6	89.7	-17.0
2021-12-15	38961	637	231	0	1465	6	64894	1061	384	0.0	2440	9.99	12.0	91.6	-21.1
2021-12-16	39171	637	210	0	1415	5	65244	1061	349	0.0	2356	8.33	12.2	92.7	-19.5
2021-12-17	39382	639	211	2	1336	5	65595	1064	351	3.331	2225	8.33	12.9	91.8	-21.9
2021-12-18	39512	640	130	1	1339	6	65812	1066	216	1.666	2230	9.99	12.9	88.2	-14.2
2021-12-19	39559	640	47	0	1297	5	65890	1066	78	0.0	2160	8.33	14.3	92.9	-17.7
2021-12-20	39706	640	147	0	1301	4	66135	1066	244	0.0	2166	6.66	14.1	89.4	-15.1
2021-12-21	39932	640	226	0	1202	3	66511	1066	376	0.0	2002	5.0	16.3	91.9	-22.8
2021-12-22	40109	640	177	0	1148	3	66806	1066	294	0.0	1912	5.0	20.2	95.2	-21.6
2021-12-23	40346	640	237	0	1175	3	67201	1066	394	0.0	1957	5.0	18.1	92.8	-17.0
2021-12-24	40470	641	124	1	1088	2	67407	1067	206	1.666	1812	3.33	19.5	91.5	-18.6
2021-12-25	40532	641	62	0	1020	1	67511	1067	103	0.0	1698	1.67	19.5	91.5	-23.8
2021-12-26	40630	641	98	0	1071	1	67674	1067	163	0.0	1783	1.67	19.0	88.1	-17.4
2021-12-27	40763	642	133	1	1057	2	67895	1069	221	1.666	1760	3.33	18.1	89.2	-18.8
2021-12-28	40985	643	222	1	1053	3	68265	1070	369	1.666	1753	5.0	13.3	91.6	-12.4
2021-12-29	41199	643	214	0	1090	3	68622	1070	356	0.0	1815	5.0	14.3	91.7	-5.1
2021-12-30	41455	643	256	0	1109	3	69048	1070	426	0.0	1847	5.0	13.1	92.9	-5.6
2021-12-31	41617	643	162	0	1147	2	69318	1070	269	0.0	1910	3.33	13.4	91.5	5.4
2022-01-01	41724	643	107	0	1192	2	69496	1070	178	0.0	1985	3.33	13.4	92.7	16.9
2022-01-02	41842	643	118	0	1212	2	69693	1070	196	0.0	2018	3.33	14.5	92.8	13.2
2022-01-03	42050	643	208	0	1287	1	70039	1070	346	0.0	2143	1.67	14.6	91.5	21.8
2022-01-04	42525	643	475	0	1540	0	70830	1070	791	0.0	2565	0.0	14.1	92.9	46.2
2022-01-05	42949	643	424	0	1750	0	71536	1070	706	0.0	2914	0.0	14.0	97.7	60.6
2022-01-06	43232	643	283	0	1777	0	72008	1070	471	0.0	2959	0.0	10.6	95.3	60.2
2022-01-07	43634	643	402	0	2017	0	72677	1070	669	0.0	3359	0.0	10.6	94.1	75.9
2022-01-08	43914	643	280	0	2190	0	73144	1070	466	0.0	3647	0.0	8.4	95.2	83.7
2022-01-09	44061	643	147	0	2219	0	73389	1070	244	0.0	3696	0.0	6.0	91.7	83.1
2022-01-10	44409	643	348	0	2359	0	73968	1070	579	0.0	3929	0.0	7.1	91.8	83.3
2022-01-11	45013	643	604	0	2488	0	74974	1070	1006	0.0	4144	0.0	8.1	91.9	61.6
2022-01-12	45668	643	655	0	2719	0	76065	1070	1090	0.0	4528	0.0	9.4	94.1	55.4
2022-01-13	46226	643	558	0	2994	0	76995	1070	929	0.0	4986	0.0	9.3	94.2	68.5
2022-01-14	46848	643	622	0	3214	0	78031	1070	1036	0.0	5353	0.0	9.2	90.8	59.3
2022-01-15	47355	643	507	0	3441	0	78875	1070	844	0.0	5731	0.0	9.2	92.0	57.1
2022-01-16	47531	643	176	0	3470	0	79168	1070	293	0.0	5779	0.0	8.0	83.9	56.4
2022-01-17	47698	643	167	0	3289	0	79447	1070	278	0.0	5478	0.0	9.3	83.7	39.4
