Date	Cases	Deaths	Cases_New	Deaths_New	Cases_Last_Week	Deaths_Last_Week	Cases_Per_Million	Deaths_Per_Million	Cases_New_Per_Million	Deaths_New_Per_Million	Cases_Last_Week_Per_Million	Deaths_Last_Week_Per_Million	DIVI_Intensivstationen_Covid_Prozent	DIVI_Intensivstationen_Betten_belegt_Prozent	Cases_Last_Week_7Day_Percent
2020-01-02	0	0	0	0	0	0	0	0	0	0.0	0	0.0			
2020-01-03	0	0	0	0	0	0	0	0	0	0.0	0	0.0			
2020-01-04	0	0	0	0	0	0	0	0	0	0.0	0	0.0			
2020-01-05	0	0	0	0	0	0	0	0	0	0.0	0	0.0			
2020-01-06	0	0	0	0	0	0	0	0	0	0.0	0	0.0			
2020-01-07	0	0	0	0	0	0	0	0	0	0.0	0	0.0			
2020-01-08	0	0	0	0	0	0	0	0	0	0.0	0	0.0			
2020-01-09	0	0	0	0	0	0	0	0	0	0.0	0	0.0			0
2020-01-10	0	0	0	0	0	0	0	0	0	0.0	0	0.0			0
2020-01-11	0	0	0	0	0	0	0	0	0	0.0	0	0.0			0
2020-01-12	0	0	0	0	0	0	0	0	0	0.0	0	0.0			0
2020-01-13	0	0	0	0	0	0	0	0	0	0.0	0	0.0			0
2020-01-14	0	0	0	0	0	0	0	0	0	0.0	0	0.0			0
2020-01-15	0	0	0	0	0	0	0	0	0	0.0	0	0.0			0
2020-01-16	0	0	0	0	0	0	0	0	0	0.0	0	0.0			0
2020-01-17	0	0	0	0	0	0	0	0	0	0.0	0	0.0			0
2020-01-18	0	0	0	0	0	0	0	0	0	0.0	0	0.0			0
2020-01-19	0	0	0	0	0	0	0	0	0	0.0	0	0.0			0
2020-01-20	0	0	0	0	0	0	0	0	0	0.0	0	0.0			0
2020-01-21	0	0	0	0	0	0	0	0	0	0.0	0	0.0			0
2020-01-22	0	0	0	0	0	0	0	0	0	0.0	0	0.0			0
2020-01-23	0	0	0	0	0	0	0	0	0	0.0	0	0.0			0
2020-01-24	0	0	0	0	0	0	0	0	0	0.0	0	0.0			0
2020-01-25	0	0	0	0	0	0	0	0	0	0.0	0	0.0			0
2020-01-26	0	0	0	0	0	0	0	0	0	0.0	0	0.0			0
2020-01-27	0	0	0	0	0	0	0	0	0	0.0	0	0.0			0
2020-01-28	1	0	1	0	1	0	7	0	7	0.0	7	0.0			0
2020-01-29	1	0	0	0	1	0	7	0	0	0.0	7	0.0			0
2020-01-30	1	0	0	0	1	0	7	0	0	0.0	7	0.0			0
2020-01-31	1	0	0	0	1	0	7	0	0	0.0	7	0.0			0
2020-02-01	1	0	0	0	1	0	7	0	0	0.0	7	0.0			0
2020-02-02	1	0	0	0	1	0	7	0	0	0.0	7	0.0			0
2020-02-03	1	0	0	0	1	0	7	0	0	0.0	7	0.0			0
2020-02-04	1	0	0	0	0	0	7	0	0	0.0	0	0.0			0
2020-02-05	1	0	0	0	0	0	7	0	0	0.0	0	0.0			0
2020-02-06	1	0	0	0	0	0	7	0	0	0.0	0	0.0			0
2020-02-07	1	0	0	0	0	0	7	0	0	0.0	0	0.0			0
2020-02-08	1	0	0	0	0	0	7	0	0	0.0	0	0.0			0
2020-02-09	1	0	0	0	0	0	7	0	0	0.0	0	0.0			0
2020-02-10	1	0	0	0	0	0	7	0	0	0.0	0	0.0			0
2020-02-11	2	0	1	0	1	0	14	0	7	0.0	7	0.0			0
2020-02-12	2	0	0	0	1	0	14	0	0	0.0	7	0.0			0
2020-02-13	2	0	0	0	1	0	14	0	0	0.0	7	0.0			0
2020-02-14	2	0	0	0	1	0	14	0	0	0.0	7	0.0			0
2020-02-15	2	0	0	0	1	0	14	0	0	0.0	7	0.0			0
2020-02-16	2	0	0	0	1	0	14	0	0	0.0	7	0.0			0
2020-02-17	2	0	0	0	1	0	14	0	0	0.0	7	0.0			0
2020-02-18	2	0	0	0	0	0	14	0	0	0.0	0	0.0			0
2020-02-19	2	0	0	0	0	0	14	0	0	0.0	0	0.0			0
2020-02-20	2	0	0	0	0	0	14	0	0	0.0	0	0.0			0
2020-02-21	2	0	0	0	0	0	14	0	0	0.0	0	0.0			0
2020-02-22	2	0	0	0	0	0	14	0	0	0.0	0	0.0			0
2020-02-23	2	0	0	0	0	0	14	0	0	0.0	0	0.0			0
2020-02-24	2	0	0	0	0	0	14	0	0	0.0	0	0.0			0
2020-02-25	2	0	0	0	0	0	14	0	0	0.0	0	0.0			0
2020-02-26	2	0	0	0	0	0	14	0	0	0.0	0	0.0			0
2020-02-27	2	0	0	0	0	0	14	0	0	0.0	0	0.0			0
2020-02-28	2	0	0	0	0	0	14	0	0	0.0	0	0.0			0
2020-02-29	2	0	0	0	0	0	14	0	0	0.0	0	0.0			0
2020-03-01	3	0	1	0	1	0	21	0	7	0.0	7	0.0			0
2020-03-02	3	0	0	0	1	0	21	0	0	0.0	7	0.0			0
2020-03-03	3	0	0	0	1	0	21	0	0	0.0	7	0.0			0
2020-03-04	3	0	0	0	1	0	21	0	0	0.0	7	0.0			0
2020-03-05	4	0	1	0	2	0	29	0	7	0.0	14	0.0			0
2020-03-06	6	0	2	0	4	0	43	0	14	0.0	29	0.0			0
2020-03-07	10	0	4	0	8	0	73	0	29	0.0	58	0.0			0
2020-03-08	11	0	1	0	8	0	80	0	7	0.0	58	0.0			0
2020-03-09	11	0	0	0	8	0	80	0	0	0.0	58	0.0			0
2020-03-10	17	0	6	0	14	0	124	0	43	0.0	102	0.0			0
2020-03-11	21	0	4	0	18	0	153	0	29	0.0	131	0.0			0
2020-03-12	33	0	12	0	29	0	241	0	87	0.0	212	0.0			1350.0
2020-03-13	38	0	5	0	32	0	278	0	36	0.0	234	0.0			700.0
2020-03-14	46	0	8	0	36	0	336	0	58	0.0	263	0.0			350.0
2020-03-15	47	0	1	0	36	0	344	0	7	0.0	263	0.0			350.0
2020-03-16	51	0	4	0	40	0	373	0	29	0.0	292	0.0			400.0
2020-03-17	59	1	8	1	42	1	431	7	58	7.32	307	7.32			200.0
2020-03-18	70	1	11	0	49	1	512	7	80	0.0	358	7.32			172.2
2020-03-19	86	1	16	0	53	1	629	7	117	0.0	387	7.32			82.8
2020-03-20	103	1	17	0	65	1	753	7	124	0.0	475	7.32			103.1
2020-03-21	116	2	13	1	70	2	849	14	95	7.32	512	14.64			94.4
2020-03-22	131	3	15	1	84	3	958	21	109	7.32	614	21.96			133.3
2020-03-23	144	3	13	0	93	3	1054	21	95	0.0	680	21.96			132.5
2020-03-24	178	3	34	0	119	2	1302	21	248	0.0	871	14.64			183.3
2020-03-25	214	3	36	0	144	2	1566	21	263	0.0	1054	14.64			193.9
2020-03-26	236	3	22	0	150	2	1727	21	161	0.0	1098	14.64			183.0
2020-03-27	246	3	10	0	143	2	1800	21	73	0.0	1046	14.64			120.0
2020-03-28	266	3	20	0	150	1	1947	21	146	0.0	1098	7.32			114.3
2020-03-29	275	3	9	0	144	0	2013	21	65	0.0	1054	0.0			71.4
2020-03-30	298	3	23	0	154	0	2181	21	168	0.0	1127	0.0			65.6
2020-03-31	327	4	29	1	149	1	2393	29	212	7.32	1090	7.32			25.2
2020-04-01	345	6	18	2	131	3	2525	43	131	14.64	958	21.96			-9.0
2020-04-02	368	7	23	1	132	4	2693	51	168	7.32	966	29.28			-12.0
2020-04-03	385	7	17	0	139	4	2818	51	124	0.0	1017	29.28			-2.8
2020-04-04	394	7	9	0	128	4	2884	51	65	0.0	936	29.28			-14.7
2020-04-05	395	7	1	0	120	4	2891	51	7	0.0	878	29.28			-16.7
2020-04-06	407	7	12	0	109	4	2979	51	87	0.0	797	29.28			-29.2
2020-04-07	416	8	9	1	89	4	3045	58	65	7.32	651	29.28			-40.3
2020-04-08	422	8	6	0	77	2	3089	58	43	0.0	563	14.64			-41.2
2020-04-09	443	10	21	2	75	3	3242	73	153	14.64	549	21.96			-43.2
2020-04-10	448	10	5	0	63	3	3279	73	36	0.0	461	21.96			-54.7
2020-04-11	454	12	6	2	60	5	3323	87	43	14.64	439	36.6			-53.1
2020-04-12	456	12	2	0	61	5	3337	87	14	0.0	446	36.6			-49.2
2020-04-13	456	12	0	0	49	5	3337	87	0	0.0	358	36.6			-55.0
2020-04-14	466	12	10	0	50	4	3411	87	73	0.0	366	29.28			-43.8
2020-04-15	474	12	8	0	52	4	3469	87	58	0.0	380	29.28			-32.5
2020-04-16	478	12	4	0	35	2	3499	87	29	0.0	256	14.64			-53.3
2020-04-17	485	12	7	0	37	2	3550	87	51	0.0	270	14.64			-41.3
2020-04-18	488	12	3	0	34	0	3572	87	21	0.0	248	0.0			-43.3
2020-04-19	489	12	1	0	33	0	3579	87	7	0.0	241	0.0			-45.9
2020-04-20	490	12	1	0	34	0	3586	87	7	0.0	248	0.0			-30.6
2020-04-21	493	12	3	0	27	0	3608	87	21	0.0	197	0.0			-46.0
2020-04-22	495	12	2	0	21	0	3623	87	14	0.0	153	0.0			-59.6
2020-04-23	496	12	1	0	18	0	3630	87	7	0.0	131	0.0			-48.6
2020-04-24	501	13	5	1	16	1	3667	95	36	7.32	117	7.32	9.8	43.5	-56.8
2020-04-25	504	13	3	0	16	1	3689	95	21	0.0	117	7.32	9.5	54.8	-52.9
2020-04-26	504	13	0	0	15	1	3689	95	0	0.0	109	7.32	9.4	57.3	-54.5
2020-04-27	504	13	0	0	14	1	3689	95	0	0.0	102	7.32	9.5	58.3	-58.8
2020-04-28	505	13	1	0	12	1	3696	95	7	0.0	87	7.32	7.7	51.6	-55.6
2020-04-29	507	13	2	0	12	1	3711	95	14	0.0	87	7.32	8.8	49.5	-42.9
2020-04-30	509	13	2	0	13	1	3725	95	14	0.0	95	7.32	7.4	45.3	-27.8
2020-05-01	509	13	0	0	8	0	3725	95	0	0.0	58	0.0	6.5	34.4	-50.0
2020-05-02	510	13	1	0	6	0	3733	95	7	0.0	43	0.0	6.5	35.5	-62.5
2020-05-03	510	13	0	0	6	0	3733	95	0	0.0	43	0.0	7.5	40.9	-60.0
2020-05-04	510	13	0	0	6	0	3733	95	0	0.0	43	0.0	6.5	40.9	-57.1
2020-05-05	512	13	2	0	7	0	3747	95	14	0.0	51	0.0	8.7	51.1	-41.7
2020-05-06	512	13	0	0	5	0	3747	95	0	0.0	36	0.0	9.8	48.9	-58.3
2020-05-07	514	13	2	0	5	0	3762	95	14	0.0	36	0.0	9.5	47.4	-61.5
2020-05-08	514	13	0	0	5	0	3762	95	0	0.0	36	0.0	9.3	44.3	-37.5
2020-05-09	514	13	0	0	4	0	3762	95	0	0.0	29	0.0	7.3	49.0	-33.3
2020-05-10	514	13	0	0	4	0	3762	95	0	0.0	29	0.0	7.3	51.0	-33.3
2020-05-11	514	13	0	0	4	0	3762	95	0	0.0	29	0.0	7.4	52.1	-33.3
2020-05-12	515	13	1	0	3	0	3769	95	7	0.0	21	0.0	6.4	48.9	-57.1
2020-05-13	517	13	2	0	5	0	3784	95	14	0.0	36	0.0	10.5	47.7	0.0
2020-05-14	518	13	1	0	4	0	3791	95	7	0.0	29	0.0	8.1	50.0	-20.0
2020-05-15	519	13	1	0	5	0	3799	95	7	0.0	36	0.0	8.0	52.9	0.0
2020-05-16	519	13	0	0	5	0	3799	95	0	0.0	36	0.0	8.1	46.5	25.0
2020-05-17	519	13	0	0	5	0	3799	95	0	0.0	36	0.0	8.1	48.8	25.0
2020-05-18	519	13	0	0	5	0	3799	95	0	0.0	36	0.0	9.2	47.1	25.0
2020-05-19	520	13	1	0	5	0	3806	95	7	0.0	36	0.0	1.1	50.0	66.7
2020-05-20	521	14	1	1	4	1	3813	102	7	7.32	29	7.32	2.3	49.4	-20.0
2020-05-21	521	14	0	0	3	1	3813	102	0	0.0	21	7.32	1.1	48.3	-25.0
2020-05-22	521	14	0	0	2	1	3813	102	0	0.0	14	7.32	4.6	46.0	-60.0
2020-05-23	524	14	3	0	5	1	3835	102	21	0.0	36	7.32	4.5	46.1	0.0
2020-05-24	524	14	0	0	5	1	3835	102	0	0.0	36	7.32	4.5	42.7	0.0
2020-05-25	529	14	5	0	10	1	3872	102	36	0.0	73	7.32	3.4	48.3	100.0
2020-05-26	530	14	1	0	10	1	3879	102	7	0.0	73	7.32	3.4	44.9	100.0
2020-05-27	530	14	0	0	9	0	3879	102	0	0.0	65	0.0	3.4	49.4	125.0
2020-05-28	533	14	3	0	12	0	3901	102	21	0.0	87	0.0	4.5	47.2	300.0
2020-05-29	534	14	1	0	13	0	3908	102	7	0.0	95	0.0	6.7	49.4	550.0
2020-05-30	539	14	5	0	15	0	3945	102	36	0.0	109	0.0	6.7	51.7	200.0
2020-05-31	539	14	0	0	15	0	3945	102	0	0.0	109	0.0	6.8	47.7	200.0
2020-06-01	539	14	0	0	10	0	3945	102	0	0.0	73	0.0	6.7	51.7	0.0
2020-06-02	540	14	1	0	10	0	3952	102	7	0.0	73	0.0	10.1	55.1	0.0
2020-06-03	542	14	2	0	12	0	3967	102	14	0.0	87	0.0	5.6	51.7	33.3
2020-06-04	543	14	1	0	10	0	3974	102	7	0.0	73	0.0	5.6	57.3	-16.7
2020-06-05	544	14	1	0	10	0	3982	102	7	0.0	73	0.0	5.6	53.9	-23.1
2020-06-06	544	14	0	0	5	0	3982	102	0	0.0	36	0.0	3.4	50.6	-66.7
2020-06-07	544	14	0	0	5	0	3982	102	0	0.0	36	0.0	3.4	51.1	-66.7
2020-06-08	544	14	0	0	5	0	3982	102	0	0.0	36	0.0	3.4	46.0	-50.0
2020-06-09	544	14	0	0	4	0	3982	102	0	0.0	29	0.0	3.4	49.4	-60.0
2020-06-10	544	14	0	0	2	0	3982	102	0	0.0	14	0.0	3.4	48.3	-83.3
2020-06-11	544	14	0	0	1	0	3982	102	0	0.0	7	0.0	3.4	44.3	-90.0
2020-06-12	544	14	0	0	0	0	3982	102	0	0.0	0	0.0	3.4	45.5	-100.0
2020-06-13	544	14	0	0	0	0	3982	102	0	0.0	0	0.0	3.4	50.6	-100.0
2020-06-14	544	14	0	0	0	0	3982	102	0	0.0	0	0.0	3.4	51.7	-100.0
2020-06-15	544	14	0	0	0	0	3982	102	0	0.0	0	0.0	3.5	44.2	-100.0
2020-06-16	544	14	0	0	0	0	3982	102	0	0.0	0	0.0	3.4	44.9	-100.0
2020-06-17	545	14	1	0	1	0	3989	102	7	0.0	7	0.0	3.7	54.3	-50.0
2020-06-18	545	14	0	0	1	0	3989	102	0	0.0	7	0.0	3.7	53.1	0
2020-06-19	545	14	0	0	1	0	3989	102	0	0.0	7	0.0	2.5	58.0	0
2020-06-20	545	14	0	0	1	0	3989	102	0	0.0	7	0.0	2.2	49.4	0
2020-06-21	545	14	0	0	1	0	3989	102	0	0.0	7	0.0	2.3	47.7	0
2020-06-22	545	14	0	0	1	0	3989	102	0	0.0	7	0.0	2.3	44.3	0
2020-06-23	545	14	0	0	1	0	3989	102	0	0.0	7	0.0	2.3	50.0	0
2020-06-24	546	14	1	0	1	0	3996	102	7	0.0	7	0.0	3.4	48.3	0
2020-06-25	546	14	0	0	1	0	3996	102	0	0.0	7	0.0	2.3	48.3	0
2020-06-26	559	14	13	0	14	0	4091	102	95	0.0	102	0.0	2.2	50.0	0
2020-06-27	561	14	2	0	16	0	4106	102	14	0.0	117	0.0	2.3	46.5	0
2020-06-28	561	14	0	0	16	0	4106	102	0	0.0	117	0.0	2.3	47.7	0
2020-06-29	573	14	12	0	28	0	4194	102	87	0.0	204	0.0	2.3	52.3	0
2020-06-30	576	14	3	0	31	0	4216	102	21	0.0	226	0.0	2.3	56.8	0
2020-07-01	578	14	2	0	32	0	4231	102	14	0.0	234	0.0	3.4	52.3	0
2020-07-02	581	14	3	0	35	0	4252	102	21	0.0	256	0.0	2.3	58.0	0
2020-07-03	581	14	0	0	22	0	4252	102	0	0.0	161	0.0	2.3	49.4	57.1
2020-07-04	590	14	9	0	29	0	4318	102	65	0.0	212	0.0	2.3	50.6	81.2
2020-07-05	590	14	0	0	29	0	4318	102	0	0.0	212	0.0	2.3	50.6	81.2
2020-07-06	590	14	0	0	17	0	4318	102	0	0.0	124	0.0	2.3	43.7	-39.3
2020-07-07	594	14	4	0	18	0	4348	102	29	0.0	131	0.0	2.3	48.9	-41.9
2020-07-08	595	14	1	0	17	0	4355	102	7	0.0	124	0.0	2.3	50.0	-46.9
2020-07-09	597	14	2	0	16	0	4370	102	14	0.0	117	0.0	2.3	46.6	-54.3
2020-07-10	598	14	1	0	17	0	4377	102	7	0.0	124	0.0	2.3	45.5	-22.7
2020-07-11	598	14	0	0	8	0	4377	102	0	0.0	58	0.0	2.3	42.0	-72.4
2020-07-12	598	14	0	0	8	0	4377	102	0	0.0	58	0.0	2.3	40.2	-72.4
2020-07-13	598	14	0	0	8	0	4377	102	0	0.0	58	0.0	2.3	43.7	-52.9
2020-07-14	599	14	1	0	5	0	4384	102	7	0.0	36	0.0	3.4	48.9	-72.2
2020-07-15	601	14	2	0	6	0	4399	102	14	0.0	43	0.0	2.3	53.4	-64.7
2020-07-16	601	14	0	0	4	0	4399	102	0	0.0	29	0.0	2.2	49.4	-75.0
2020-07-17	601	14	0	0	3	0	4399	102	0	0.0	21	0.0	2.2	56.7	-82.4
2020-07-18	601	14	0	0	3	0	4399	102	0	0.0	21	0.0	2.3	54.0	-62.5
2020-07-19	601	14	0	0	3	0	4399	102	0	0.0	21	0.0	2.3	50.0	-62.5
2020-07-20	607	14	6	0	9	0	4443	102	43	0.0	65	0.0	2.1	55.3	12.5
2020-07-21	608	14	1	0	9	0	4450	102	7	0.0	65	0.0	2.1	53.1	80.0
2020-07-22	608	14	0	0	7	0	4450	102	0	0.0	51	0.0	0.0	51.0	16.7
2020-07-23	608	14	0	0	7	0	4450	102	0	0.0	51	0.0	0.0	57.4	75.0
2020-07-24	608	14	0	0	7	0	4450	102	0	0.0	51	0.0	0.0	54.0	133.3
2020-07-25	608	14	0	0	7	0	4450	102	0	0.0	51	0.0	0.0	50.5	133.3
2020-07-26	608	14	0	0	7	0	4450	102	0	0.0	51	0.0	0.0	45.9	133.3
2020-07-27	610	14	2	0	3	0	4465	102	14	0.0	21	0.0	1.0	48.0	-66.7
2020-07-28	611	14	1	0	3	0	4472	102	7	0.0	21	0.0	0.0	54.1	-66.7
2020-07-29	613	14	2	0	5	0	4487	102	14	0.0	36	0.0	1.0	53.1	-28.6
2020-07-30	614	14	1	0	6	0	4494	102	7	0.0	43	0.0	1.0	49.0	-14.3
2020-07-31	615	14	1	0	7	0	4501	102	7	0.0	51	0.0	0.0	58.8	0.0
2020-08-01	615	14	0	0	7	0	4501	102	0	0.0	51	0.0	0.0	49.5	0.0
2020-08-02	615	14	0	0	7	0	4501	102	0	0.0	51	0.0	0.0	52.1	0.0
2020-08-03	616	14	1	0	6	0	4509	102	7	0.0	43	0.0	0.0	52.6	100.0
2020-08-04	617	14	1	0	6	0	4516	102	7	0.0	43	0.0	0.0	56.7	100.0
2020-08-05	618	14	1	0	5	0	4523	102	7	0.0	36	0.0	0.0	52.6	0.0
2020-08-06	619	14	1	0	5	0	4531	102	7	0.0	36	0.0	0.0	48.5	-16.7
2020-08-07	619	14	0	0	4	0	4531	102	0	0.0	29	0.0	0.0	41.7	-42.9
2020-08-08	619	14	0	0	4	0	4531	102	0	0.0	29	0.0	0.0	47.9	-42.9
2020-08-09	619	14	0	0	4	0	4531	102	0	0.0	29	0.0	0.0	53.1	-42.9
2020-08-10	619	14	0	0	3	0	4531	102	0	0.0	21	0.0	0.0	52.1	-50.0
2020-08-11	619	14	0	0	2	0	4531	102	0	0.0	14	0.0	0.0	56.2	-66.7
2020-08-12	620	14	1	0	2	0	4538	102	7	0.0	14	0.0	0.0	54.2	-60.0
2020-08-13	624	14	4	0	5	0	4567	102	29	0.0	36	0.0	0.0	53.1	0.0
2020-08-14	625	14	1	0	6	0	4575	102	7	0.0	43	0.0	0.0	54.2	50.0
2020-08-15	626	14	1	0	7	0	4582	102	7	0.0	51	0.0	1.0	54.2	75.0
2020-08-16	630	14	4	0	11	0	4611	102	29	0.0	80	0.0	1.0	49.0	175.0
2020-08-17	633	14	3	0	14	0	4633	102	21	0.0	102	0.0	1.0	44.8	366.7
2020-08-18	641	14	8	0	22	0	4692	102	58	0.0	161	0.0	1.0	42.3	1000.0
2020-08-19	647	14	6	0	27	0	4736	102	43	0.0	197	0.0	1.0	41.2	1250.0
2020-08-20	648	14	1	0	24	0	4743	102	7	0.0	175	0.0	1.0	40.2	380.0
2020-08-21	652	14	4	0	27	0	4772	102	29	0.0	197	0.0	1.0	49.5	350.0
2020-08-22	655	14	3	0	29	0	4794	102	21	0.0	212	0.0	1.0	44.3	314.3
2020-08-23	659	14	4	0	29	0	4823	102	29	0.0	212	0.0	1.0	41.2	163.6
2020-08-24	663	14	4	0	30	0	4853	102	29	0.0	219	0.0	1.0	48.0	114.3
2020-08-25	668	14	5	0	27	0	4889	102	36	0.0	197	0.0	1.0	46.9	22.7
2020-08-26	672	14	4	0	25	0	4919	102	29	0.0	183	0.0	1.0	46.9	-7.4
2020-08-27	677	14	5	0	29	0	4955	102	36	0.0	212	0.0	1.0	55.1	20.8
2020-08-28	681	14	4	0	29	0	4984	102	29	0.0	212	0.0	1.0	48.0	7.4
2020-08-29	682	14	1	0	27	0	4992	102	7	0.0	197	0.0	1.0	54.1	-6.9
2020-08-30	684	14	2	0	25	0	5006	102	14	0.0	183	0.0	1.0	51.0	-13.8
2020-08-31	687	14	3	0	24	0	5028	102	21	0.0	175	0.0	1.0	45.9	-20.0
2020-09-01	691	14	4	0	23	0	5058	102	29	0.0	168	0.0	1.0	46.9	-14.8
2020-09-02	695	14	4	0	23	0	5087	102	29	0.0	168	0.0	1.0	53.1	-8.0
2020-09-03	698	14	3	0	21	0	5109	102	21	0.0	153	0.0	1.0	54.1	-27.6
2020-09-04	702	14	4	0	21	0	5138	102	29	0.0	153	0.0	1.0	51.0	-27.6
2020-09-05	706	14	4	0	24	0	5167	102	29	0.0	175	0.0	1.0	56.1	-11.1
2020-09-06	706	14	0	0	22	0	5167	102	0	0.0	161	0.0	1.0	53.1	-12.0
2020-09-07	709	14	3	0	22	0	5189	102	21	0.0	161	0.0	1.0	53.1	-8.3
2020-09-08	715	14	6	0	24	0	5233	102	43	0.0	175	0.0	1.0	53.1	4.3
2020-09-09	721	14	6	0	26	0	5277	102	43	0.0	190	0.0	0.0	52.0	13.0
2020-09-10	724	14	3	0	26	0	5299	102	21	0.0	190	0.0	0.0	56.1	23.8
2020-09-11	730	14	6	0	28	0	5343	102	43	0.0	204	0.0	0.0	58.2	33.3
2020-09-12	737	14	7	0	31	0	5394	102	51	0.0	226	0.0	0.0	48.0	29.2
2020-09-13	740	14	3	0	34	0	5416	102	21	0.0	248	0.0	0.0	52.0	54.5
2020-09-14	740	14	0	0	31	0	5416	102	0	0.0	226	0.0	0.0	50.0	40.9
2020-09-15	747	14	7	0	32	0	5468	102	51	0.0	234	0.0	0.0	55.1	33.3
2020-09-16	753	14	6	0	32	0	5512	102	43	0.0	234	0.0	0.0	53.1	23.1
2020-09-17	760	14	7	0	36	0	5563	102	51	0.0	263	0.0	0.0	54.1	38.5
2020-09-18	763	14	3	0	33	0	5585	102	21	0.0	241	0.0	0.0	55.1	17.9
2020-09-19	770	14	7	0	33	0	5636	102	51	0.0	241	0.0	0.0	54.1	6.5
2020-09-20	771	14	1	0	31	0	5643	102	7	0.0	226	0.0	0.0	46.9	-8.8
2020-09-21	772	14	1	0	32	0	5651	102	7	0.0	234	0.0	0.0	48.0	3.2
2020-09-22	779	14	7	0	32	0	5702	102	51	0.0	234	0.0	0.0	51.6	0.0
2020-09-23	780	14	1	0	27	0	5709	102	7	0.0	197	0.0	0.0	45.9	-15.6
2020-09-24	783	14	3	0	23	0	5731	102	21	0.0	168	0.0	0.0	45.6	-36.1
2020-09-25	788	14	5	0	25	0	5768	102	36	0.0	183	0.0	0.0	47.8	-24.2
2020-09-26	789	14	1	0	19	0	5775	102	7	0.0	139	0.0	0.0	41.1	-42.4
2020-09-27	790	14	1	0	19	0	5782	102	7	0.0	139	0.0	1.1	42.2	-38.7
2020-09-28	794	14	4	0	22	0	5812	102	29	0.0	161	0.0	1.2	44.0	-31.2
2020-09-29	795	14	1	0	16	0	5819	102	7	0.0	117	0.0	1.1	45.6	-50.0
2020-09-30	797	14	2	0	17	0	5834	102	14	0.0	124	0.0	1.2	47.6	-37.0
2020-10-01	800	14	3	0	17	0	5856	102	21	0.0	124	0.0	1.2	53.6	-26.1
2020-10-02	805	14	5	0	17	0	5892	102	36	0.0	124	0.0	1.1	56.7	-32.0
2020-10-03	806	14	1	0	17	0	5900	102	7	0.0	124	0.0	1.1	46.7	-10.5
2020-10-04	808	14	2	0	18	0	5914	102	14	0.0	131	0.0	0.0	46.7	-5.3
2020-10-05	811	14	3	0	17	0	5936	102	21	0.0	124	0.0	0.0	43.3	-22.7
2020-10-06	813	14	2	0	18	0	5951	102	14	0.0	131	0.0	0.0	44.4	12.5
2020-10-07	823	14	10	0	26	0	6024	102	73	0.0	190	0.0	0.0	50.0	52.9
2020-10-08	834	14	11	0	34	0	6104	102	80	0.0	248	0.0	0.0	47.8	100.0
2020-10-09	842	14	8	0	37	0	6163	102	58	0.0	270	0.0	0.0	51.1	117.6
2020-10-10	849	14	7	0	43	0	6214	102	51	0.0	314	0.0	0.0	47.8	152.9
2020-10-11	855	14	6	0	47	0	6258	102	43	0.0	344	0.0	0.0	42.2	161.1
2020-10-12	861	14	6	0	50	0	6302	102	43	0.0	366	0.0	0.0	36.7	194.1
2020-10-13	872	14	11	0	59	0	6383	102	80	0.0	431	0.0	0.0	50.0	227.8
2020-10-14	882	14	10	0	59	0	6456	102	73	0.0	431	0.0	0.0	44.4	126.9
2020-10-15	899	14	17	0	65	0	6580	102	124	0.0	475	0.0	0.0	51.1	91.2
2020-10-16	904	14	5	0	62	0	6617	102	36	0.0	453	0.0	1.1	43.3	67.6
2020-10-17	922	14	18	0	73	0	6749	102	131	0.0	534	0.0	1.2	53.0	69.8
2020-10-18	930	14	8	0	75	0	6807	102	58	0.0	549	0.0	1.2	48.2	59.6
2020-10-19	934	14	4	0	73	0	6836	102	29	0.0	534	0.0	1.2	47.0	46.0
2020-10-20	951	15	17	1	79	1	6961	109	124	7.32	578	7.32	1.2	41.0	33.9
2020-10-21	968	15	17	0	86	1	7085	109	124	0.0	629	7.32	1.3	51.9	45.8
2020-10-22	984	15	16	0	85	1	7202	109	117	0.0	622	7.32	1.3	50.6	30.8
2020-10-23	998	15	14	0	94	1	7305	109	102	0.0	688	7.32	1.3	49.4	51.6
2020-10-24	1017	15	19	0	95	1	7444	109	139	0.0	695	7.32	1.2	51.2	30.1
2020-10-25	1023	15	6	0	93	1	7488	109	43	0.0	680	7.32	2.4	57.3	24.0
2020-10-26	1044	16	21	1	110	2	7642	117	153	7.32	805	14.64	2.4	57.3	50.7
2020-10-27	1066	16	22	0	115	1	7803	117	161	0.0	841	7.32	2.4	52.9	45.6
2020-10-28	1093	16	27	0	125	1	8000	117	197	0.0	915	7.32	2.4	52.4	45.3
2020-10-29	1105	16	12	0	121	1	8088	117	87	0.0	885	7.32	3.6	48.8	42.4
2020-10-30	1141	16	36	0	143	1	8352	117	263	0.0	1046	7.32	3.6	44.0	52.1
2020-10-31	1159	16	18	0	142	1	8484	117	131	0.0	1039	7.32	7.6	53.2	49.5
2020-11-01	1178	16	19	0	155	1	8623	117	139	0.0	1134	7.32	7.6	53.2	66.7
2020-11-02	1193	16	15	0	149	0	8732	117	109	0.0	1090	0.0	6.3	55.7	35.5
2020-11-03	1227	16	34	0	161	0	8981	117	248	0.0	1178	0.0	7.6	51.9	40.0
2020-11-04	1266	16	39	0	173	0	9267	117	285	0.0	1266	0.0	8.9	51.9	38.4
2020-11-05	1302	16	36	0	197	0	9530	117	263	0.0	1442	0.0	8.9	51.9	62.8
2020-11-06	1337	16	35	0	196	0	9786	117	256	0.0	1434	0.0	12.3	75.4	37.1
2020-11-07	1367	16	30	0	208	0	10006	117	219	0.0	1522	0.0	14.0	77.2	46.5
2020-11-08	1385	16	18	0	207	0	10138	117	131	0.0	1515	0.0	14.8	74.1	33.5
2020-11-09	1409	16	24	0	216	0	10314	117	175	0.0	1581	0.0	11.7	68.3	45.0
2020-11-10	1443	16	34	0	216	0	10562	117	248	0.0	1581	0.0	10.1	66.7	34.2
2020-11-11	1477	16	34	0	211	0	10811	117	248	0.0	1544	0.0	8.7	58.0	22.0
2020-11-12	1511	16	34	0	209	0	11060	117	248	0.0	1529	0.0	10.1	62.3	6.1
2020-11-13	1544	17	33	1	207	1	11302	124	241	7.32	1515	7.32	10.1	63.8	5.6
2020-11-14	1569	17	25	0	202	1	11485	124	183	0.0	1478	7.32	10.6	69.7	-2.9
2020-11-15	1574	17	5	0	189	1	11521	124	36	0.0	1383	7.32	9.7	61.3	-8.7
2020-11-16	1576	17	2	0	167	1	11536	124	14	0.0	1222	7.32	9.7	66.1	-22.7
2020-11-17	1596	17	20	0	153	1	11682	124	146	0.0	1119	7.32	8.7	72.5	-29.2
2020-11-18	1641	18	45	1	164	2	12012	131	329	7.32	1200	14.64	10.1	76.8	-22.3
2020-11-19	1651	18	10	0	140	2	12085	131	73	0.0	1024	14.64	10.1	71.0	-33.0
2020-11-20	1680	18	29	0	136	1	12297	131	212	0.0	995	7.32	11.1	73.0	-34.3
2020-11-21	1691	18	11	0	122	1	12378	131	80	0.0	893	7.32	9.5	74.6	-39.6
2020-11-22	1702	18	11	0	128	1	12458	131	80	0.0	936	7.32	7.9	68.3	-32.3
2020-11-23	1718	18	16	0	142	1	12575	131	117	0.0	1039	7.32	7.2	68.1	-15.0
2020-11-24	1746	18	28	0	150	1	12780	131	204	0.0	1098	7.32	8.7	73.9	-2.0
2020-11-25	1769	19	23	1	128	1	12949	139	168	7.32	936	7.32	9.2	70.8	-22.0
2020-11-26	1795	19	26	0	144	1	13139	139	190	0.0	1054	7.32	10.0	76.7	2.9
2020-11-27	1811	19	16	0	131	1	13256	139	117	0.0	958	7.32	18.2	81.8	-3.7
2020-11-28	1828	19	17	0	137	1	13381	139	124	0.0	1002	7.32	19.6	80.4	12.3
2020-11-29	1837	19	9	0	135	1	13447	139	65	0.0	988	7.32	16.1	76.8	5.5
2020-11-30	1849	19	12	0	131	1	13534	139	87	0.0	958	7.32	16.7	75.9	-7.7
2020-12-01	1879	19	30	0	133	1	13754	139	219	0.0	973	7.32	11.7	68.3	-11.3
2020-12-02	1911	20	32	1	142	1	13988	146	234	7.32	1039	7.32	13.3	63.3	10.9
2020-12-03	1937	20	26	0	142	1	14179	146	190	0.0	1039	7.32	16.7	88.9	-1.4
2020-12-04	1968	21	31	1	157	2	14405	153	226	7.32	1149	14.64	18.4	89.8	19.8
2020-12-05	1982	22	14	1	154	3	14508	161	102	7.32	1127	21.96	18.0	88.0	12.4
2020-12-06	1989	22	7	0	152	3	14559	161	51	0.0	1112	21.96	18.4	83.7	12.6
2020-12-07	2007	23	18	1	158	4	14691	168	131	7.32	1156	29.28	21.6	88.2	20.6
2020-12-08	2055	23	48	0	176	4	15042	168	351	0.0	1288	29.28	17.3	88.5	32.3
2020-12-09	2101	23	46	0	190	3	15379	168	336	0.0	1390	21.96	18.4	91.8	33.8
2020-12-10	2145	24	44	1	208	4	15701	175	322	7.32	1522	29.28	16.7	72.2	46.5
2020-12-11	2176	25	31	1	208	4	15928	183	226	7.32	1522	29.28	17.3	84.6	32.5
2020-12-12	2228	25	52	0	246	3	16309	183	380	0.0	1800	21.96	18.8	77.1	59.7
2020-12-13	2278	26	50	1	289	4	16675	190	366	7.32	2115	29.28	20.0	86.0	90.1
2020-12-14	2305	28	27	2	298	5	16872	204	197	14.64	2181	36.6	23.4	93.6	88.6
2020-12-15	2340	30	35	2	285	7	17129	219	256	14.64	2086	51.24	26.0	90.0	61.9
2020-12-16	2382	32	42	2	281	9	17436	234	307	14.64	2056	65.88	24.0	80.0	47.9
2020-12-17	2412	33	30	1	267	9	17656	241	219	7.32	1954	65.88	17.0	83.0	28.4
2020-12-18	2433	34	21	1	257	9	17809	248	153	7.32	1881	65.88	18.9	77.4	23.6
2020-12-19	2476	34	43	0	248	9	18124	248	314	0.0	1815	65.88	20.0	86.0	0.8
2020-12-20	2511	35	35	1	233	9	18380	256	256	7.32	1705	65.88	20.0	76.0	-19.4
2020-12-21	2535	35	24	0	230	7	18556	256	175	0.0	1683	51.24	17.3	80.8	-22.8
2020-12-22	2599	36	64	1	259	6	19024	263	468	7.32	1895	43.92	22.4	79.6	-9.1
2020-12-23	2640	36	41	0	258	4	19325	263	300	0.0	1888	29.28	22.9	72.9	-8.2
2020-12-24	2666	36	26	0	254	3	19515	263	190	0.0	1859	21.96	25.0	77.1	-4.9
2020-12-25	2689	36	23	0	256	2	19683	263	168	0.0	1873	14.64	28.3	76.1	-0.4
2020-12-26	2699	36	10	0	223	2	19756	263	73	0.0	1632	14.64	29.8	78.7	-10.1
2020-12-27	2708	36	9	0	197	1	19822	263	65	0.0	1442	7.32	29.8	78.7	-15.5
2020-12-28	2727	39	19	3	192	4	19961	285	139	21.96	1405	29.28	28.0	78.0	-16.5
2020-12-29	2778	42	51	3	179	6	20335	307	373	21.96	1310	43.92	36.7	83.7	-30.9
2020-12-30	2827	50	49	8	187	14	20693	366	358	58.561	1368	102.48	34.0	68.0	-27.5
2020-12-31	2851	51	24	1	185	15	20869	373	175	7.32	1354	109.8	37.0	78.3	-27.2
2021-01-01	2861	55	10	4	172	19	20942	402	73	29.28	1259	139.08	39.1	80.4	-32.8
2021-01-02	2872	55	11	0	173	19	21023	402	80	0.0	1266	139.08	38.8	81.6	-22.4
2021-01-03	2882	55	10	0	174	19	21096	402	73	0.0	1273	139.08	40.8	81.6	-11.7
2021-01-04	2898	55	16	0	171	16	21213	402	117	0.0	1251	117.12	42.0	80.0	-10.9
2021-01-05	2948	58	50	3	170	16	21579	424	366	21.96	1244	117.12	47.9	85.4	-5.0
2021-01-06	2975	58	27	0	148	8	21777	424	197	0.0	1083	58.56	44.7	78.7	-20.9
2021-01-07	3015	64	40	6	164	13	22070	468	292	43.921	1200	95.16	44.7	78.7	-11.4
2021-01-08	3038	64	23	0	177	9	22238	468	168	0.0	1295	65.88	41.7	85.4	2.9
2021-01-09	3060	65	22	1	188	10	22399	475	161	7.32	1376	73.2	36.7	79.6	8.7
2021-01-10	3088	68	28	3	206	13	22604	497	204	21.96	1507	95.16	40.9	84.1	18.4
2021-01-11	3101	70	13	2	203	15	22699	512	95	14.64	1485	109.8	39.6	81.2	18.7
2021-01-12	3139	73	38	3	191	15	22977	534	278	21.96	1398	109.8	33.9	75.0	12.4
2021-01-13	3178	79	39	6	203	21	23263	578	285	43.921	1485	153.72	32.1	76.8	37.2
2021-01-14	3215	81	37	2	200	17	23534	592	270	14.64	1464	124.44	32.1	85.7	22.0
2021-01-15	3259	83	44	2	221	19	23856	607	322	14.64	1617	139.08	26.8	75.0	24.9
2021-01-16	3286	85	27	2	226	20	24053	622	197	14.64	1654	146.4	23.2	71.4	20.2
2021-01-17	3297	85	11	0	209	17	24134	622	80	0.0	1529	124.44	25.5	80.0	1.5
2021-01-18	3307	86	10	1	206	16	24207	629	73	7.32	1507	117.12	25.5	74.5	1.5
2021-01-19	3331	86	24	0	192	13	24383	629	175	0.0	1405	95.16	25.5	87.3	0.5
2021-01-20	3350	89	19	3	172	10	24522	651	139	21.96	1259	73.2	26.4	84.9	-15.3
2021-01-21	3367	91	17	2	152	10	24646	666	124	14.64	1112	73.2	25.9	87.0	-24.0
2021-01-22	3382	91	15	0	123	8	24756	666	109	0.0	900	58.56	28.8	82.7	-44.3
2021-01-23	3393	91	11	0	107	6	24837	666	80	0.0	783	43.92	30.2	81.1	-52.7
2021-01-24	3398	91	5	0	101	6	24873	666	36	0.0	739	43.92	31.2	79.2	-51.7
2021-01-25	3404	91	6	0	97	5	24917	666	43	0.0	710	36.6	28.8	76.9	-52.9
2021-01-26	3434	91	30	0	103	5	25137	666	219	0.0	753	36.6	28.6	83.7	-46.4
2021-01-27	3442	94	8	3	92	5	25195	688	58	21.96	673	36.6	24.5	73.6	-46.5
2021-01-28	3458	95	16	1	91	4	25312	695	117	7.32	666	29.28	21.2	80.8	-40.1
2021-01-29	3480	96	22	1	98	5	25473	702	161	7.32	717	36.6	19.6	73.2	-20.3
2021-01-30	3493	97	13	1	100	6	25569	710	95	7.32	732	43.92	20.4	81.5	-6.5
2021-01-31	3495	97	2	0	97	6	25583	710	14	0.0	710	43.92	25.9	87.0	-4.0
2021-02-01	3508	97	13	0	104	6	25678	710	95	0.0	761	43.92	25.0	78.6	7.2
2021-02-02	3517	97	9	0	83	6	25744	710	65	0.0	607	43.92	23.2	75.0	-19.4
2021-02-03	3535	98	18	1	93	4	25876	717	131	7.32	680	29.28	19.3	71.9	1.1
2021-02-04	3543	98	8	0	85	3	25935	717	58	0.0	622	21.96	19.0	70.7	-6.6
2021-02-05	3549	98	6	0	69	2	25979	717	43	0.0	505	14.64	19.0	79.3	-29.6
2021-02-06	3554	98	5	0	61	1	26015	717	36	0.0	446	7.32	21.4	80.4	-39.0
2021-02-07	3554	98	0	0	59	1	26015	717	0	0.0	431	7.32	19.0	81.0	-39.2
2021-02-08	3557	98	3	0	49	1	26037	717	21	0.0	358	7.32	24.1	81.0	-52.9
2021-02-09	3566	98	9	0	49	1	26103	717	65	0.0	358	7.32	28.6	87.5	-41.0
2021-02-10	3579	98	13	0	44	0	26198	717	95	0.0	322	0.0	27.8	88.9	-52.7
2021-02-11	3587	99	8	1	44	1	26257	724	58	7.32	322	7.32	26.8	83.9	-48.2
2021-02-12	3599	100	12	1	50	2	26345	732	87	7.32	366	14.64	25.5	94.5	-27.5
2021-02-13	3603	100	4	0	49	2	26374	732	29	0.0	358	14.64	22.2	83.3	-19.7
2021-02-14	3604	100	1	0	50	2	26381	732	7	0.0	366	14.64	22.2	83.3	-15.3
2021-02-15	3608	101	4	1	51	3	26410	739	29	7.32	373	21.96	22.2	83.3	4.1
2021-02-16	3628	103	20	2	62	5	26557	753	146	14.64	453	36.6	22.6	88.7	26.5
2021-02-17	3640	103	12	0	61	5	26645	753	87	0.0	446	36.6	21.1	87.7	38.6
2021-02-18	3648	103	8	0	61	4	26703	753	58	0.0	446	29.28	19.3	84.2	38.6
2021-02-19	3659	104	11	1	60	4	26784	761	80	7.32	439	29.28	15.5	82.8	20.0
2021-02-20	3663	104	4	0	60	4	26813	761	29	0.0	439	29.28	12.3	82.5	22.4
2021-02-21	3666	104	3	0	62	4	26835	761	21	0.0	453	29.28	13.0	79.6	24.0
2021-02-22	3670	105	4	1	62	4	26864	768	29	7.32	453	29.28	12.3	80.7	21.6
2021-02-23	3679	105	9	0	51	2	26930	768	65	0.0	373	14.64	12.1	87.9	-17.7
2021-02-24	3682	105	3	0	42	2	26952	768	21	0.0	307	14.64	12.5	83.9	-31.1
2021-02-25	3692	105	10	0	44	2	27025	768	73	0.0	322	14.64	14.0	91.2	-27.9
2021-02-26	3698	105	6	0	39	1	27069	768	43	0.0	285	7.32	14.0	94.7	-35.0
2021-02-27	3703	105	5	0	40	1	27106	768	36	0.0	292	7.32	12.3	87.7	-33.3
2021-02-28	3705	105	2	0	39	1	27121	768	14	0.0	285	7.32	12.3	91.2	-37.1
2021-03-01	3711	105	6	0	41	0	27164	768	43	0.0	300	0.0	11.9	89.8	-33.9
2021-03-02	3727	105	16	0	48	0	27282	768	117	0.0	351	0.0	12.7	83.6	-5.9
2021-03-03	3743	105	16	0	61	0	27399	768	117	0.0	446	0.0	20.0	70.9	45.2
2021-03-04	3753	105	10	0	61	0	27472	768	73	0.0	446	0.0	20.0	78.2	38.6
2021-03-05	3760	105	7	0	62	0	27523	768	51	0.0	453	0.0	19.6	82.1	59.0
2021-03-06	3765	105	5	0	62	0	27560	768	36	0.0	453	0.0	20.0	72.7	55.0
2021-03-07	3772	105	7	0	67	0	27611	768	51	0.0	490	0.0	20.0	78.2	71.8
2021-03-08	3783	106	11	1	72	1	27691	775	80	7.32	527	7.32	20.0	67.3	75.6
2021-03-09	3799	106	16	0	72	1	27809	775	117	0.0	527	7.32	20.0	74.5	50.0
2021-03-10	3806	109	7	3	63	4	27860	797	51	21.96	461	29.28	19.6	80.4	3.3
2021-03-11	3823	110	17	1	70	5	27984	805	124	7.32	512	36.6	14.3	87.5	14.8
2021-03-12	3833	110	10	0	73	5	28057	805	73	0.0	534	36.6	13.8	82.8	17.7
2021-03-13	3851	110	18	0	86	5	28189	805	131	0.0	629	36.6	13.6	84.7	38.7
2021-03-14	3858	110	7	0	86	5	28240	805	51	0.0	629	36.6	15.8	82.5	28.4
2021-03-15	3873	111	15	1	90	5	28350	812	109	7.32	658	36.6	15.3	83.1	25.0
2021-03-16	3892	112	19	1	93	6	28489	819	139	7.32	680	43.92	13.8	87.9	29.2
2021-03-17	3908	112	16	0	102	3	28606	819	117	0.0	746	21.96	13.8	79.3	61.9
2021-03-18	3923	112	15	0	100	2	28716	819	109	0.0	732	14.64	15.5	82.8	42.9
2021-03-19	3945	112	22	0	112	2	28877	819	161	0.0	819	14.64	14.3	82.1	53.4
2021-03-20	3956	112	11	0	105	2	28958	819	80	0.0	768	14.64	14.8	77.8	22.1
2021-03-21	3959	112	3	0	101	2	28980	819	21	0.0	739	14.64	14.0	89.5	17.4
2021-03-22	3970	112	11	0	97	1	29060	819	80	0.0	710	7.32	7.1	87.5	7.8
2021-03-23	4007	112	37	0	115	0	29331	819	270	0.0	841	0.0	7.1	85.7	23.7
2021-03-24	4043	113	36	1	135	1	29595	827	263	7.32	988	7.32	9.1	87.3	32.4
2021-03-25	4074	113	31	0	151	1	29822	827	226	0.0	1105	7.32	9.4	92.5	51.0
2021-03-26	4108	113	34	0	163	1	30071	827	248	0.0	1193	7.32	9.6	94.2	45.5
2021-03-27	4127	113	19	0	171	1	30210	827	139	0.0	1251	7.32	13.5	90.4	62.9
2021-03-28	4136	113	9	0	177	1	30275	827	65	0.0	1295	7.32	11.5	84.6	75.2
2021-03-29	4152	113	16	0	182	1	30393	827	117	0.0	1332	7.32	11.5	90.4	87.6
2021-03-30	4188	113	36	0	181	1	30656	827	263	0.0	1324	7.32	11.3	81.1	57.4
2021-03-31	4228	113	40	0	185	0	30949	827	292	0.0	1354	0.0	12.0	88.0	37.0
2021-04-01	4236	113	8	0	162	0	31007	827	58	0.0	1185	0.0	12.0	88.0	7.3
2021-04-02	4257	113	21	0	149	0	31161	827	153	0.0	1090	0.0	11.3	83.0	-8.6
2021-04-03	4266	113	9	0	139	0	31227	827	65	0.0	1017	0.0	11.3	79.2	-18.7
2021-04-04	4270	113	4	0	134	0	31256	827	29	0.0	980	0.0	13.2	86.8	-24.3
2021-04-05	4278	113	8	0	126	0	31315	827	58	0.0	922	0.0	15.4	84.6	-30.8
2021-04-06	4287	114	9	1	99	1	31381	834	65	7.32	724	7.32	15.4	80.8	-45.3
2021-04-07	4317	114	30	0	89	1	31600	834	219	0.0	651	7.32	17.6	86.3	-51.9
2021-04-08	4340	114	23	0	104	1	31769	834	168	0.0	761	7.32	16.4	85.5	-35.8
2021-04-09	4370	114	30	0	113	1	31988	834	219	0.0	827	7.32	17.9	89.3	-24.2
2021-04-10	4382	114	12	0	116	1	32076	834	87	0.0	849	7.32	18.5	94.4	-16.5
2021-04-11	4390	114	8	0	120	1	32135	834	58	0.0	878	7.32	21.8	72.7	-10.4
2021-04-12	4406	114	16	0	128	1	32252	834	117	0.0	936	7.32	20.0	76.4	1.6
2021-04-13	4447	114	41	0	160	0	32552	834	300	0.0	1171	0.0	20.0	78.2	61.6
2021-04-14	4478	114	31	0	161	0	32779	834	226	0.0	1178	0.0	17.0	75.5	80.9
2021-04-15	4498	114	20	0	158	0	32925	834	146	0.0	1156	0.0	15.1	79.2	51.9
2021-04-16	4527	114	29	0	157	0	33138	834	212	0.0	1149	0.0	14.5	83.6	38.9
2021-04-17	4590	114	63	0	208	0	33599	834	461	0.0	1522	0.0	15.4	63.5	79.3
2021-04-18	4609	114	19	0	219	0	33738	834	139	0.0	1603	0.0	15.4	73.1	82.5
2021-04-19	4630	114	21	0	224	0	33892	834	153	0.0	1639	0.0	14.0	73.7	75.0
2021-04-20	4657	114	27	0	210	0	34089	834	197	0.0	1537	0.0	13.8	84.5	31.2
2021-04-21	4671	114	14	0	193	0	34192	834	102	0.0	1412	0.0	12.5	73.2	19.9
2021-04-22	4692	114	21	0	194	0	34345	834	153	0.0	1420	0.0	12.5	75.0	22.8
2021-04-23	4726	115	34	1	199	1	34594	841	248	7.32	1456	7.32	13.0	75.9	26.8
2021-04-24	4741	115	15	0	151	1	34704	841	109	0.0	1105	7.32	13.8	74.1	-27.4
2021-04-25	4743	115	2	0	134	1	34719	841	14	0.0	980	7.32	13.8	69.0	-38.8
2021-04-26	4755	115	12	0	125	1	34807	841	87	0.0	915	7.32	15.3	83.1	-44.2
2021-04-27	4770	115	15	0	113	1	34916	841	109	0.0	827	7.32	15.3	74.6	-46.2
2021-04-28	4788	115	18	0	117	1	35048	841	131	0.0	856	7.32	17.5	87.7	-39.4
2021-04-29	4802	115	14	0	110	1	35151	841	102	0.0	805	7.32	17.5	80.7	-43.3
2021-04-30	4818	115	16	0	92	0	35268	841	117	0.0	673	0.0	16.9	81.4	-53.8
2021-05-01	4831	115	13	0	90	0	35363	841	95	0.0	658	0.0	15.3	81.4	-40.4
2021-05-02	4833	115	2	0	90	0	35378	841	14	0.0	658	0.0	16.9	76.3	-32.8
2021-05-03	4842	115	9	0	87	0	35443	841	65	0.0	636	0.0	16.9	78.0	-30.4
2021-05-04	4870	115	28	0	100	0	35648	841	204	0.0	732	0.0	16.9	76.3	-11.5
2021-05-05	4886	115	16	0	98	0	35766	841	117	0.0	717	0.0	15.3	72.9	-16.2
2021-05-06	4898	115	12	0	96	0	35853	841	87	0.0	702	0.0	14.0	82.5	-12.7
2021-05-07	4908	115	10	0	90	0	35927	841	73	0.0	658	0.0	14.0	86.0	-2.2
2021-05-08	4913	115	5	0	82	0	35963	841	36	0.0	600	0.0	17.9	94.6	-8.9
2021-05-09	4914	115	1	0	81	0	35971	841	7	0.0	592	0.0	17.0	100.0	-10.0
2021-05-10	4927	115	13	0	85	0	36066	841	95	0.0	622	0.0	16.1	96.4	-2.3
2021-05-11	4944	115	17	0	74	0	36190	841	124	0.0	541	0.0	10.7	92.9	-26.0
2021-05-12	4968	116	24	1	82	1	36366	849	175	7.32	600	7.32	13.7	86.3	-16.3
2021-05-13	4976	116	8	0	78	1	36424	849	58	0.0	570	7.32	16.0	84.0	-18.8
2021-05-14	4982	116	6	0	74	1	36468	849	43	0.0	541	7.32	16.0	80.0	-17.8
2021-05-15	4990	116	8	0	77	1	36527	849	58	0.0	563	7.32	19.1	87.2	-6.1
2021-05-16	4990	116	0	0	76	1	36527	849	0	0.0	556	7.32	20.5	93.2	-6.2
2021-05-17	4994	116	4	0	67	1	36556	849	29	0.0	490	7.32	12.5	85.4	-21.2
2021-05-18	5006	116	12	0	62	1	36644	849	87	0.0	453	7.32	12.8	85.1	-16.2
2021-05-19	5013	116	7	0	45	0	36695	849	51	0.0	329	0.0	10.4	91.7	-45.1
2021-05-20	5021	116	8	0	45	0	36754	849	58	0.0	329	0.0	12.8	85.1	-42.3
2021-05-21	5026	116	5	0	44	0	36790	849	36	0.0	322	0.0	8.7	93.5	-40.5
2021-05-22	5035	116	9	0	45	0	36856	849	65	0.0	329	0.0	6.4	83.0	-41.6
2021-05-23	5035	116	0	0	45	0	36856	849	0	0.0	329	0.0	6.2	81.2	-40.8
2021-05-24	5036	116	1	0	42	0	36864	849	7	0.0	307	0.0	5.9	86.3	-37.3
2021-05-25	5036	116	0	0	30	0	36864	849	0	0.0	219	0.0	5.9	84.3	-51.6
2021-05-26	5039	116	3	0	26	0	36886	849	21	0.0	190	0.0	8.2	95.9	-42.2
2021-05-27	5042	116	3	0	21	0	36907	849	21	0.0	153	0.0	8.3	81.2	-53.3
2021-05-28	5045	116	3	0	19	0	36929	849	21	0.0	139	0.0	8.0	76.0	-56.8
2021-05-29	5046	116	1	0	11	0	36937	849	7	0.0	80	0.0	4.2	85.4	-75.6
2021-05-30	5046	116	0	0	11	0	36937	849	0	0.0	80	0.0	4.3	76.6	-75.6
2021-05-31	5046	116	0	0	10	0	36937	849	0	0.0	73	0.0	2.0	77.6	-76.2
2021-06-01	5049	116	3	0	13	0	36959	849	21	0.0	95	0.0	2.0	94.0	-56.7
2021-06-02	5049	116	0	0	10	0	36959	849	0	0.0	73	0.0	1.8	72.7	-61.5
2021-06-03	5049	116	0	0	7	0	36959	849	0	0.0	51	0.0	1.9	78.8	-66.7
2021-06-04	5049	116	0	0	4	0	36959	849	0	0.0	29	0.0	1.9	67.9	-78.9
2021-06-05	5051	116	2	0	5	0	36973	849	14	0.0	36	0.0	5.8	63.5	-54.5
2021-06-06	5051	116	0	0	5	0	36973	849	0	0.0	36	0.0	5.7	67.9	-54.5
2021-06-07	5054	116	3	0	8	0	36995	849	21	0.0	58	0.0	5.6	75.9	-20.0
2021-06-08	5057	116	3	0	8	0	37017	849	21	0.0	58	0.0	7.4	72.2	-38.5
2021-06-09	5059	116	2	0	10	0	37032	849	14	0.0	73	0.0	7.8	80.4	0.0
2021-06-10	5061	116	2	0	12	0	37047	849	14	0.0	87	0.0	3.9	82.4	71.4
2021-06-11	5064	116	3	0	15	0	37069	849	21	0.0	109	0.0	5.8	88.5	275.0
2021-06-12	5064	116	0	0	13	0	37069	849	0	0.0	95	0.0	3.9	86.3	160.0
2021-06-13	5066	116	2	0	15	0	37083	849	14	0.0	109	0.0	3.9	92.2	200.0
2021-06-14	5066	116	0	0	12	0	37083	849	0	0.0	87	0.0	1.9	81.5	50.0
2021-06-15	5067	116	1	0	10	0	37090	849	7	0.0	73	0.0	0.0	93.2	25.0
2021-06-16	5069	116	2	0	10	0	37105	849	14	0.0	73	0.0	0.0	82.4	0.0
2021-06-17	5072	116	3	0	11	0	37127	849	21	0.0	80	0.0	0.0	76.5	-8.3
2021-06-18	5072	116	0	0	8	0	37127	849	0	0.0	58	0.0	0.0	74.5	-46.7
2021-06-19	5073	116	1	0	9	0	37134	849	7	0.0	65	0.0	0.0	75.6	-30.8
2021-06-20	5073	116	0	0	7	0	37134	849	0	0.0	51	0.0	2.0	68.0	-53.3
2021-06-21	5075	116	2	0	9	0	37149	849	14	0.0	65	0.0	1.8	71.4	-25.0
2021-06-22	5077	116	2	0	10	0	37164	849	14	0.0	73	0.0	1.9	83.0	0.0
2021-06-23	5080	116	3	0	11	0	37186	849	21	0.0	80	0.0	1.9	96.3	10.0
2021-06-24	5080	116	0	0	8	0	37186	849	0	0.0	58	0.0	1.9	90.7	-27.3
2021-06-25	5080	116	0	0	8	0	37186	849	0	0.0	58	0.0	1.7	83.3	0.0
2021-06-26	5080	116	0	0	7	0	37186	849	0	0.0	51	0.0	1.8	86.0	-22.2
2021-06-27	5080	116	0	0	7	0	37186	849	0	0.0	51	0.0	1.7	86.4	0.0
2021-06-28	5080	116	0	0	5	0	37186	849	0	0.0	36	0.0	1.7	87.9	-44.4
2021-06-29	5082	116	2	0	5	0	37200	849	14	0.0	36	0.0	1.8	89.3	-50.0
2021-06-30	5082	116	0	0	2	0	37200	849	0	0.0	14	0.0	1.8	87.5	-81.8
2021-07-01	5082	116	0	0	2	0	37200	849	0	0.0	14	0.0	1.7	81.0	-75.0
2021-07-02	5083	116	1	0	3	0	37208	849	7	0.0	21	0.0	1.7	82.8	-62.5
2021-07-03	5083	116	0	0	3	0	37208	849	0	0.0	21	0.0	1.7	81.0	-57.1
2021-07-04	5083	116	0	0	3	0	37208	849	0	0.0	21	0.0	1.7	75.9	-57.1
2021-07-05	5090	116	7	0	10	0	37259	849	51	0.0	73	0.0	1.7	82.8	100.0
2021-07-06	5091	116	1	0	9	0	37266	849	7	0.0	65	0.0	1.9	81.5	80.0
2021-07-07	5093	116	2	0	11	0	37281	849	14	0.0	80	0.0	0.0	88.5	450.0
2021-07-08	5093	116	0	0	11	0	37281	849	0	0.0	80	0.0	0.0	90.7	450.0
2021-07-09	5096	116	3	0	13	0	37303	849	21	0.0	95	0.0	0.0	85.2	333.3
2021-07-10	5102	116	6	0	19	0	37347	849	43	0.0	139	0.0	0.0	83.3	533.3
2021-07-11	5106	116	4	0	23	0	37376	849	29	0.0	168	0.0	0.0	85.2	666.7
2021-07-12	5109	116	3	0	19	0	37398	849	21	0.0	139	0.0	0.0	79.6	90.0
2021-07-13	5112	116	3	0	21	0	37420	849	21	0.0	153	0.0	0.0	83.3	133.3
2021-07-14	5118	116	6	0	25	0	37464	849	43	0.0	183	0.0	0.0	79.3	127.3
2021-07-15	5122	116	4	0	29	0	37493	849	29	0.0	212	0.0	0.0	79.3	163.6
2021-07-16	5131	116	9	0	35	0	37559	849	65	0.0	256	0.0	0.0	75.9	169.2
2021-07-17	5136	116	5	0	34	0	37596	849	36	0.0	248	0.0	0.0	77.6	78.9
2021-07-18	5136	116	0	0	30	0	37596	849	0	0.0	219	0.0	0.0	77.2	30.4
2021-07-19	5139	116	3	0	30	0	37618	849	21	0.0	219	0.0	0.0	84.2	57.9
2021-07-20	5148	116	9	0	36	0	37683	849	65	0.0	263	0.0	0.0	82.5	71.4
2021-07-21	5153	116	5	0	35	0	37720	849	36	0.0	256	0.0	1.8	80.7	40.0
2021-07-22	5160	116	7	0	38	0	37771	849	51	0.0	278	0.0	2.0	90.0	31.0
2021-07-23	5164	116	4	0	33	0	37801	849	29	0.0	241	0.0	1.9	83.0	-5.7
2021-07-24	5168	116	4	0	32	0	37830	849	29	0.0	234	0.0	1.9	84.9	-5.9
2021-07-25	5171	116	3	0	35	0	37852	849	21	0.0	256	0.0	1.9	84.9	16.7
2021-07-26	5174	116	3	0	35	0	37874	849	21	0.0	256	0.0	1.8	85.5	16.7
2021-07-27	5180	116	6	0	32	0	37918	849	43	0.0	234	0.0	2.0	86.3	-11.1
2021-07-28	5183	116	3	0	30	0	37940	849	21	0.0	219	0.0	2.0	82.4	-14.3
2021-07-29	5185	116	2	0	25	0	37954	849	14	0.0	183	0.0	2.0	82.4	-34.2
2021-07-30	5190	116	5	0	26	0	37991	849	36	0.0	190	0.0	2.0	88.2	-21.2
2021-07-31	5192	116	2	0	24	0	38006	849	14	0.0	175	0.0	2.0	82.4	-25.0
2021-08-01	5194	116	2	0	23	0	38020	849	14	0.0	168	0.0	2.0	86.0	-34.3
2021-08-02	5196	116	2	0	22	0	38035	849	14	0.0	161	0.0	2.0	90.0	-37.1
2021-08-03	5201	116	5	0	21	0	38071	849	36	0.0	153	0.0	1.9	81.5	-34.4
2021-08-04	5203	116	2	0	20	0	38086	849	14	0.0	146	0.0	1.9	77.8	-33.3
2021-08-05	5209	116	6	0	24	0	38130	849	43	0.0	175	0.0	2.0	80.4	-4.0
2021-08-06	5213	116	4	0	23	0	38159	849	29	0.0	168	0.0	2.0	80.0	-11.5
2021-08-07	5216	116	3	0	24	0	38181	849	21	0.0	175	0.0	2.0	80.0	0.0
2021-08-08	5216	116	0	0	22	0	38181	849	0	0.0	161	0.0	2.0	82.0	-4.3
2021-08-09	5217	116	1	0	21	0	38189	849	7	0.0	153	0.0	2.0	86.0	-4.5
2021-08-10	5225	116	8	0	24	0	38247	849	58	0.0	175	0.0	2.0	72.5	14.3
2021-08-11	5228	116	3	0	25	0	38269	849	21	0.0	183	0.0	2.0	88.2	25.0
2021-08-12	5232	116	4	0	23	0	38298	849	29	0.0	168	0.0	1.9	83.0	-4.2
2021-08-13	5239	116	7	0	26	0	38350	849	51	0.0	190	0.0	1.9	84.9	13.0
2021-08-14	5242	116	3	0	26	0	38372	849	21	0.0	190	0.0	2.0	78.0	8.3
2021-08-15	5243	116	1	0	27	0	38379	849	7	0.0	197	0.0	2.0	80.0	22.7
2021-08-16	5250	116	7	0	33	0	38430	849	51	0.0	241	0.0	1.9	79.6	57.1
2021-08-17	5265	117	15	1	40	1	38540	856	109	7.32	292	7.32	1.9	77.4	66.7
2021-08-18	5273	117	8	0	45	1	38598	856	58	0.0	329	7.32	1.9	86.5	80.0
2021-08-19	5279	117	6	0	47	1	38642	856	43	0.0	344	7.32	1.9	81.1	104.3
2021-08-20	5283	117	4	0	44	1	38672	856	29	0.0	322	7.32	1.9	83.0	69.2
2021-08-21	5294	117	11	0	52	1	38752	856	80	0.0	380	7.32	2.0	78.0	100.0
2021-08-22	5296	117	2	0	53	1	38767	856	14	0.0	387	7.32	4.0	78.0	96.3
2021-08-23	5303	117	7	0	53	1	38818	856	51	0.0	387	7.32	3.9	82.4	60.6
2021-08-24	5327	117	24	0	62	0	38994	856	175	0.0	453	0.0	3.8	79.2	55.0
2021-08-25	5355	117	28	0	82	0	39199	856	204	0.0	600	0.0	3.8	77.4	82.2
2021-08-26	5376	118	21	1	97	1	39352	863	153	7.32	710	7.32	4.1	71.4	106.4
2021-08-27	5393	118	17	0	110	1	39477	863	124	0.0	805	7.32	4.3	76.1	150.0
2021-08-28	5410	118	17	0	116	1	39601	863	124	0.0	849	7.32	4.3	84.8	123.1
2021-08-29	5411	119	1	1	115	2	39609	871	7	7.32	841	14.64	4.3	85.1	117.0
2021-08-30	5427	119	16	0	124	2	39726	871	117	0.0	907	14.64	4.3	80.9	134.0
2021-08-31	5450	119	23	0	123	2	39894	871	168	0.0	900	14.64	4.3	83.0	98.4
2021-09-01	5487	121	37	2	132	4	40165	885	270	14.64	966	29.28	4.3	78.7	61.0
2021-09-02	5505	121	18	0	129	3	40297	885	131	0.0	944	21.96	4.3	89.4	33.0
2021-09-03	5517	122	12	1	124	4	40385	893	87	7.32	907	29.28	4.3	87.2	12.7
2021-09-04	5528	122	11	0	118	4	40465	893	80	0.0	863	29.28	4.4	82.2	1.7
2021-09-05	5535	122	7	0	124	3	40516	893	51	0.0	907	21.96	4.4	84.4	7.8
2021-09-06	5552	122	17	0	125	3	40641	893	124	0.0	915	21.96	4.5	95.5	0.8
2021-09-07	5593	123	41	1	143	4	40941	900	300	7.32	1046	29.28	6.8	100.0	16.3
2021-09-08	5617	123	24	0	130	2	41117	900	175	0.0	951	14.64	8.7	95.7	-1.5
2021-09-09	5631	123	14	0	126	2	41219	900	102	0.0	922	14.64	8.3	83.3	-2.3
2021-09-10	5644	123	13	0	127	1	41314	900	95	0.0	929	7.32	6.2	77.1	2.4
2021-09-11	5667	123	23	0	139	1	41483	900	168	0.0	1017	7.32	6.8	86.4	17.8
2021-09-12	5677	123	10	0	142	1	41556	900	73	0.0	1039	7.32	6.8	88.6	14.5
2021-09-13	5685	123	8	0	133	1	41614	900	58	0.0	973	7.32	6.8	77.3	6.4
2021-09-14	5725	123	40	0	132	0	41907	900	292	0.0	966	0.0	6.2	85.4	-7.7
2021-09-15	5750	123	25	0	133	0	42090	900	183	0.0	973	0.0	6.2	75.0	2.3
2021-09-16	5761	123	11	0	130	0	42171	900	80	0.0	951	0.0	12.5	89.6	3.2
2021-09-17	5776	123	15	0	132	0	42280	900	109	0.0	966	0.0	7.8	86.3	3.9
2021-09-18	5792	123	16	0	125	0	42398	900	117	0.0	915	0.0	8.9	88.9	-10.1
2021-09-19	5796	123	4	0	119	0	42427	900	29	0.0	871	0.0	10.9	87.0	-16.2
2021-09-20	5799	124	3	1	114	1	42449	907	21	7.32	834	7.32	11.9	95.2	-14.3
2021-09-21	5819	124	20	0	94	1	42595	907	146	0.0	688	7.32	11.6	88.4	-28.8
2021-09-22	5832	125	13	1	82	2	42690	915	95	7.32	600	14.64	11.6	95.3	-38.3
2021-09-23	5848	125	16	0	87	2	42807	915	117	0.0	636	14.64	9.5	85.7	-33.1
2021-09-24	5861	125	13	0	85	2	42903	915	95	0.0	622	14.64	7.1	83.3	-35.6
2021-09-25	5876	126	15	1	84	3	43012	922	109	7.32	614	21.96	7.1	78.6	-32.8
2021-09-26	5880	126	4	0	84	3	43042	922	29	0.0	614	21.96	7.1	83.3	-29.4
2021-09-27	5888	126	8	0	89	2	43100	922	58	0.0	651	14.64	7.1	88.1	-21.9
2021-09-28	5912	126	24	0	93	2	43276	922	175	0.0	680	14.64	4.5	88.6	-1.1
2021-09-29	5935	126	23	0	103	1	43444	922	168	0.0	753	7.32	4.5	86.4	25.6
2021-09-30	5952	126	17	0	104	1	43569	922	124	0.0	761	7.32	4.5	88.6	19.5
2021-10-01	5969	127	17	1	108	2	43693	929	124	7.32	790	14.64	4.5	84.1	27.1
2021-10-02	5983	127	14	0	107	1	43796	929	102	0.0	783	7.32	4.5	88.6	27.4
2021-10-03	5996	127	13	0	116	1	43891	929	95	0.0	849	7.32	2.3	93.2	38.1
2021-10-04	6004	128	8	1	116	2	43949	936	58	7.32	849	14.64	2.3	93.2	30.3
2021-10-05	6028	128	24	0	116	2	44125	936	175	0.0	849	14.64	2.1	80.9	24.7
2021-10-06	6043	128	15	0	108	2	44235	936	109	0.0	790	14.64	0.0	89.4	4.9
2021-10-07	6054	128	11	0	102	2	44315	936	80	0.0	746	14.64	0.0	83.0	-1.9
2021-10-08	6062	128	8	0	93	1	44374	936	58	0.0	680	7.32	0.0	81.8	-13.9
2021-10-09	6074	128	12	0	91	1	44462	936	87	0.0	666	7.32	0.0	80.0	-15.0
2021-10-10	6075	128	1	0	79	1	44469	936	7	0.0	578	7.32	0.0	72.7	-31.9
2021-10-11	6080	128	5	0	76	0	44506	936	36	0.0	556	0.0	0.0	79.5	-34.5
2021-10-12	6097	129	17	1	69	1	44630	944	124	7.32	505	7.32	2.4	73.8	-40.5
2021-10-13	6113	129	16	0	70	1	44747	944	117	0.0	512	7.32	2.3	86.4	-35.2
2021-10-14	6124	129	11	0	70	1	44828	944	80	0.0	512	7.32	4.7	88.4	-31.4
2021-10-15	6136	129	12	0	74	1	44916	944	87	0.0	541	7.32	6.8	93.2	-20.4
2021-10-16	6145	129	9	0	71	1	44982	944	65	0.0	519	7.32	6.8	93.2	-22.0
2021-10-17	6150	129	5	0	75	1	45018	944	36	0.0	549	7.32	6.8	88.6	-5.1
2021-10-18	6157	129	7	0	77	1	45069	944	51	0.0	563	7.32	6.8	90.9	1.3
2021-10-19	6182	129	25	0	85	0	45252	944	183	0.0	622	0.0	2.3	95.5	23.2
2021-10-20	6216	129	34	0	103	0	45501	944	248	0.0	753	0.0	2.1	91.7	47.1
2021-10-21	6237	129	21	0	113	0	45655	944	153	0.0	827	0.0	4.0	92.0	61.4
2021-10-22	6272	129	35	0	136	0	45911	944	256	0.0	995	0.0	8.9	93.3	83.8
2021-10-23	6293	129	21	0	148	0	46065	944	153	0.0	1083	0.0	8.9	97.8	108.5
2021-10-24	6294	129	1	0	144	0	46072	944	7	0.0	1054	0.0	9.3	100.0	92.0
2021-10-25	6309	129	15	0	152	0	46182	944	109	0.0	1112	0.0	9.1	100.0	97.4
2021-10-26	6362	129	53	0	180	0	46570	944	387	0.0	1317	0.0	11.6	97.7	111.8
2021-10-27	6410	129	48	0	194	0	46921	944	351	0.0	1420	0.0	11.6	100.0	88.3
2021-10-28	6446	131	36	2	209	2	47185	958	263	14.64	1529	14.64	8.9	86.7	85.0
2021-10-29	6496	131	50	0	224	2	47551	958	366	0.0	1639	14.64	13.3	97.8	64.7
2021-10-30	6538	131	42	0	245	2	47858	958	307	0.0	1793	14.64	13.6	88.6	65.5
2021-10-31	6552	131	14	0	258	2	47961	958	102	0.0	1888	14.64	13.6	90.9	79.2
2021-11-01	6579	131	27	0	270	2	48158	958	197	0.0	1976	14.64	11.6	90.7	77.6
2021-11-02	6587	131	8	0	225	2	48217	958	58	0.0	1647	14.64	15.2	82.6	25.0
2021-11-03	6649	131	62	0	239	2	48671	958	453	0.0	1749	14.64	19.6	84.8	23.2
2021-11-04	6710	131	61	0	264	0	49117	958	446	0.0	1932	0.0	21.7	95.7	26.3
2021-11-05	6805	133	95	2	309	2	49813	973	695	14.64	2261	14.64	17.0	91.5	37.9
2021-11-06	6854	133	49	0	316	2	50172	973	358	0.0	2313	14.64	18.2	97.7	29.0
2021-11-07	6895	133	41	0	343	2	50472	973	300	0.0	2510	14.64	16.3	95.3	32.9
2021-11-08	6926	133	31	0	347	2	50699	973	226	0.0	2540	14.64	16.3	95.3	28.5
2021-11-09	7041	133	115	0	454	2	51540	973	841	0.0	3323	14.64	11.4	93.2	101.8
2021-11-10	7142	134	101	1	493	3	52280	980	739	7.32	3608	21.96	11.4	79.5	106.3
2021-11-11	7259	135	117	1	549	4	53136	988	856	7.32	4018	29.28	13.6	93.2	108.0
2021-11-12	7362	137	103	2	557	4	53890	1002	753	14.64	4077	29.28	15.9	86.4	80.3
2021-11-13	7417	137	55	0	563	4	54293	1002	402	0.0	4121	29.28	15.9	90.9	78.2
2021-11-14	7478	137	61	0	583	4	54739	1002	446	0.0	4267	29.28	16.7	81.0	70.0
2021-11-15	7545	137	67	0	619	4	55230	1002	490	0.0	4531	29.28	17.4	78.3	78.4
2021-11-16	7647	137	102	0	606	4	55976	1002	746	0.0	4435	29.28	13.0	93.5	33.5
2021-11-17	7769	138	122	1	627	4	56869	1010	893	7.32	4589	29.28	20.8	85.4	27.2
2021-11-18	7933	139	164	1	674	4	58070	1017	1200	7.32	4933	29.28	18.4	81.6	22.8
2021-11-19	8051	139	118	0	689	2	58934	1017	863	0.0	5043	14.64	17.8	84.4	23.7
2021-11-20	8128	139	77	0	711	2	59497	1017	563	0.0	5204	14.64	21.4	90.5	26.3
2021-11-21	8183	139	55	0	705	2	59900	1017	402	0.0	5160	14.64	21.4	90.5	20.9
2021-11-22	8258	139	75	0	713	2	60449	1017	549	0.0	5219	14.64	20.5	84.1	15.2
2021-11-23	8357	140	99	1	710	3	61174	1024	724	7.32	5197	21.96	20.5	84.1	17.2
2021-11-24	8507	141	150	1	738	3	62272	1032	1098	7.32	5402	21.96	19.6	87.0	17.7
2021-11-25	8608	142	101	1	675	3	63011	1039	739	7.32	4941	21.96	23.9	87.0	0.1
2021-11-26	8719	143	111	1	668	4	63824	1046	812	7.32	4889	29.28	20.0	84.4	-3.0
2021-11-27	8778	144	59	1	650	5	64255	1054	431	7.32	4758	36.6	21.4	90.5	-8.6
2021-11-28	8812	145	34	1	629	6	64504	1061	248	7.32	4604	43.92	22.5	90.0	-10.8
2021-11-29	8846	145	34	0	588	6	64753	1061	248	0.0	4304	43.92	26.2	92.9	-17.5
2021-11-30	8989	145	143	0	632	5	65800	1061	1046	0.0	4626	36.6	28.0	86.0	-11.0
2021-12-01	9091	145	102	0	584	4	66547	1061	746	0.0	4274	29.28	27.5	90.2	-20.9
2021-12-02	9176	145	85	0	568	3	67169	1061	622	0.0	4157	21.96	30.0	96.0	-15.9
2021-12-03	9260	145	84	0	541	2	67784	1061	614	0.0	3960	14.64	22.0	88.0	-19.0
2021-12-04	9334	145	74	0	556	1	68325	1061	541	0.0	4069	7.32	26.0	82.0	-14.5
2021-12-05	9374	145	40	0	562	0	68618	1061	292	0.0	4113	0.0	26.0	82.0	-10.7
2021-12-06	9432	147	58	2	586	2	69043	1076	424	14.64	4289	14.64	28.0	88.0	-0.3
2021-12-07	9541	147	109	0	552	2	69841	1076	797	0.0	4040	14.64	30.8	82.7	-12.7
2021-12-08	9632	147	91	0	541	2	70507	1076	666	0.0	3960	14.64	29.4	88.2	-7.4
2021-12-09	9697	147	65	0	521	2	70983	1076	475	0.0	3813	14.64	28.6	89.8	-8.3
2021-12-10	9751	148	54	1	491	3	71378	1083	395	7.32	3594	21.96	24.5	91.8	-9.2
2021-12-11	9812	148	61	0	478	3	71824	1083	446	0.0	3499	21.96	27.7	95.7	-14.0
2021-12-12	9825	148	13	0	451	3	71920	1083	95	0.0	3301	21.96	27.7	93.6	-19.8
2021-12-13	9849	148	24	0	417	1	72095	1083	175	0.0	3052	7.32	27.9	93.0	-28.8
2021-12-14	9929	148	80	0	388	1	72681	1083	585	0.0	2840	7.32	28.3	93.5	-29.7
2021-12-15	9983	148	54	0	351	1	73076	1083	395	0.0	2569	7.32	25.0	87.5	-35.1
2021-12-16	10034	148	51	0	337	1	73449	1083	373	0.0	2466	7.32	23.4	91.5	-35.3
2021-12-17	10082	148	48	0	331	0	73801	1083	351	0.0	2422	0.0	25.6	97.7	-32.6
2021-12-18	10135	148	53	0	323	0	74189	1083	387	0.0	2364	0.0	28.9	95.6	-32.4
2021-12-19	10148	148	13	0	323	0	74284	1083	95	0.0	2364	0.0	28.9	91.1	-28.4
2021-12-20	10172	148	24	0	323	0	74460	1083	175	0.0	2364	0.0	26.1	95.7	-22.5
2021-12-21	10254	148	82	0	325	0	75060	1083	600	0.0	2379	0.0	21.3	78.7	-16.2
2021-12-22	10297	148	43	0	314	0	75375	1083	314	0.0	2298	0.0	19.1	80.9	-10.5
2021-12-23	10349	148	52	0	315	0	75755	1083	380	0.0	2305	0.0	20.9	88.4	-6.5
2021-12-24	10386	148	37	0	304	0	76026	1083	270	0.0	2225	0.0	18.2	95.5	-8.2
2021-12-25	10396	148	10	0	261	0	76099	1083	73	0.0	1910	0.0	18.6	97.7	-19.2
2021-12-26	10416	148	20	0	268	0	76246	1083	146	0.0	1961	0.0	20.9	97.7	-17.0
2021-12-27	10469	148	53	0	297	0	76634	1083	387	0.0	2174	0.0	20.5	95.5	-8.0
2021-12-28	10541	148	72	0	287	0	77161	1083	527	0.0	2100	0.0	18.2	86.4	-11.7
2021-12-29	10598	148	57	0	301	0	77578	1083	417	0.0	2203	0.0	17.0	91.5	-4.1
2021-12-30	10661	148	63	0	312	0	78039	1083	461	0.0	2283	0.0	17.0	85.1	-1.0
2021-12-31	10714	149	53	1	328	1	78427	1090	387	7.32	2400	7.32	17.0	83.0	7.9
2022-01-01	10732	149	18	0	336	1	78559	1090	131	0.0	2459	7.32	16.7	85.4	28.7
2022-01-02	10740	149	8	0	324	1	78617	1090	58	0.0	2371	7.32	15.1	79.2	20.9
2022-01-03	10795	149	55	0	326	1	79020	1090	402	0.0	2386	7.32	15.7	82.4	9.8
2022-01-04	10917	149	122	0	376	1	79913	1090	893	0.0	2752	7.32	13.5	84.6	31.0
2022-01-05	11038	149	121	0	440	1	80799	1090	885	0.0	3220	7.32	11.8	72.5	46.2
2022-01-06	11103	149	65	0	442	1	81275	1090	475	0.0	3235	7.32	13.5	80.8	41.7
2022-01-07	11233	149	130	0	519	0	82226	1090	951	0.0	3799	0.0	15.7	84.3	58.2
2022-01-08	11324	149	91	0	592	0	82892	1090	666	0.0	4333	0.0	16.0	82.0	76.2
2022-01-09	11413	149	89	0	673	0	83544	1090	651	0.0	4926	0.0	18.0	80.0	107.7
2022-01-10	11534	149	121	0	739	0	84430	1090	885	0.0	5409	0.0	15.6	93.3	126.7
2022-01-11	11686	149	152	0	769	0	85542	1090	1112	0.0	5629	0.0	16.7	93.8	104.5
2022-01-12	11844	149	158	0	806	0	86699	1090	1156	0.0	5900	0.0	16.7	89.6	83.2
2022-01-13	12070	149	226	0	967	0	88353	1090	1654	0.0	7078	0.0	14.9	83.0	118.8
2022-01-14	12244	149	174	0	1011	0	89627	1090	1273	0.0	7400	0.0	14.9	97.9	94.8
2022-01-15	12315	149	71	0	991	0	90147	1090	519	0.0	7254	0.0	12.5	83.3	67.4
2022-01-16	12378	149	63	0	965	0	90608	1090	461	0.0	7063	0.0	15.2	87.0	43.4
2022-01-17	12435	149	57	0	901	0	91025	1090	417	0.0	6595	0.0	15.7	78.4	21.9
